"1995-01-01","6,2"
"1995-01-02","5,8"
"1995-01-03","5,7"
"1995-01-04","10,6"
"1995-01-05","12,7"
"1995-01-06","11,1"
"1995-01-07","9,9"
"1995-01-08","8,8"
"1995-01-09","11,1"
"1995-01-10","9,6"
"1995-01-11","9,4"
"1995-01-12","9,8"
"1995-01-13","7,1"
"1995-01-14","6,4"
"1995-01-15","7,9"
"1995-01-16","7,4"
"1995-01-17",11
"1995-01-18","7,9"
"1995-01-19","10,5"
"1995-01-20","8,1"
"1995-01-21","10,2"
"1995-01-22","14,1"
"1995-01-23","11,8"
"1995-01-24","11,4"
"1995-01-25",14
"1995-01-26","9,4"
"1995-01-27",9
"1995-01-28","12,3"
"1995-01-29","13,1"
"1995-01-30","12,1"
"1995-01-31","12,8"
"1995-02-01","11,6"
"1995-02-02","9,3"
"1995-02-03",13
"1995-02-04","11,4"
"1995-02-05","10,5"
"1995-02-06","11,4"
"1995-02-07","13,8"
"1995-02-08","12,8"
"1995-02-09","11,3"
"1995-02-10","9,3"
"1995-02-11","11,2"
"1995-02-12","12,3"
"1995-02-13","12,8"
"1995-02-14","14,4"
"1995-02-15","13,6"
"1995-02-16","11,5"
"1995-02-17","9,9"
"1995-02-18","8,4"
"1995-02-19","10,7"
"1995-02-20","10,8"
"1995-02-21","6,9"
"1995-02-22","5,8"
"1995-02-23","10,9"
"1995-02-24","12,4"
"1995-02-25","10,5"
"1995-02-26","7,8"
"1995-02-27","6,6"
"1995-02-28","7,2"
"1995-03-01","8,1"
"1995-03-02","11,3"
"1995-03-03","8,5"
"1995-03-04",10
"1995-03-05","10,5"
"1995-03-06","7,4"
"1995-03-07","7,4"
"1995-03-08","8,1"
"1995-03-09","10,9"
"1995-03-10","11,3"
"1995-03-11",10
"1995-03-12","11,5"
"1995-03-13","13,2"
"1995-03-14","10,6"
"1995-03-15","9,8"
"1995-03-16","10,3"
"1995-03-17","12,7"
"1995-03-18","13,6"
"1995-03-19","14,4"
"1995-03-20","14,1"
"1995-03-21","13,2"
"1995-03-22","16,3"
"1995-03-23","14,8"
"1995-03-24","12,4"
"1995-03-25","12,5"
"1995-03-26","12,2"
"1995-03-27","9,7"
"1995-03-28","9,2"
"1995-03-29","12,4"
"1995-03-30","13,5"
"1995-03-31","12,3"
"1995-04-01","14,5"
"1995-04-02","17,3"
"1995-04-03","13,6"
"1995-04-04","15,5"
"1995-04-05","13,1"
"1995-04-06",13
"1995-04-07",14
"1995-04-08","15,5"
"1995-04-09","16,1"
"1995-04-10","16,7"
"1995-04-11","17,8"
"1995-04-12","16,3"
"1995-04-13","15,5"
"1995-04-14","14,9"
"1995-04-15","13,4"
"1995-04-16","12,7"
"1995-04-17","11,3"
"1995-04-18","12,1"
"1995-04-19","8,8"
"1995-04-20","6,4"
"1995-04-21","5,7"
"1995-04-22","6,8"
"1995-04-23","7,2"
"1995-04-24","7,3"
"1995-04-25",8
"1995-04-26","9,6"
"1995-04-27","14,6"
"1995-04-28",13
"1995-04-29","14,7"
"1995-04-30","16,4"
"1995-05-01","14,3"
"1995-05-02","15,3"
"1995-05-03","18,5"
"1995-05-04",18
"1995-05-05","21,8"
"1995-05-06","19,2"
"1995-05-07","18,4"
"1995-05-08","19,3"
"1995-05-09","15,6"
"1995-05-10","13,1"
"1995-05-11","13,2"
"1995-05-12","10,6"
"1995-05-13","9,5"
"1995-05-14","13,2"
"1995-05-15","16,3"
"1995-05-16","15,8"
"1995-05-17","15,5"
"1995-05-18",17
"1995-05-19","16,6"
"1995-05-20","17,4"
"1995-05-21","17,1"
"1995-05-22","15,8"
"1995-05-23","16,7"
"1995-05-24","15,9"
"1995-05-25","14,5"
"1995-05-26","14,1"
"1995-05-27","17,5"
"1995-05-28","16,7"
"1995-05-29","14,6"
"1995-05-30","13,5"
"1995-05-31",13
"1995-06-01","13,2"
"1995-06-02",14
"1995-06-03","14,7"
"1995-06-04","16,6"
"1995-06-05","17,8"
"1995-06-06","18,5"
"1995-06-07","18,9"
"1995-06-08","16,7"
"1995-06-09","14,9"
"1995-06-10","15,2"
"1995-06-11","13,1"
"1995-06-12","15,3"
"1995-06-13","14,9"
"1995-06-14","16,6"
"1995-06-15",17
"1995-06-16","16,5"
"1995-06-17","15,5"
"1995-06-18","16,4"
"1995-06-19","18,9"
"1995-06-20","18,4"
"1995-06-21","20,7"
"1995-06-22",21
"1995-06-23","18,3"
"1995-06-24","18,4"
"1995-06-25","21,4"
"1995-06-26","21,1"
"1995-06-27","20,7"
"1995-06-28","18,7"
"1995-06-29","19,4"
"1995-06-30","20,1"
"1995-07-01","19,6"
"1995-07-02","17,9"
"1995-07-03","16,9"
"1995-07-04","17,2"
"1995-07-05","17,4"
"1995-07-06",19
"1995-07-07",21
"1995-07-08","22,7"
"1995-07-09","18,6"
"1995-07-10","18,9"
"1995-07-11","18,5"
"1995-07-12",19
"1995-07-13","19,6"
"1995-07-14","20,1"
"1995-07-15","20,5"
"1995-07-16","19,7"
"1995-07-17","18,5"
"1995-07-18","20,5"
"1995-07-19","22,2"
"1995-07-20","18,9"
"1995-07-21","19,6"
"1995-07-22",19
"1995-07-23","20,5"
"1995-07-24","24,4"
"1995-07-25","20,8"
"1995-07-26","18,2"
"1995-07-27","17,8"
"1995-07-28","20,7"
"1995-07-29","20,6"
"1995-07-30","20,3"
"1995-07-31","18,8"
"1995-08-01","18,7"
"1995-08-02",18
"1995-08-03","18,1"
"1995-08-04",19
"1995-08-05","18,5"
"1995-08-06",17
"1995-08-07","19,5"
"1995-08-08",20
"1995-08-09","21,2"
"1995-08-10","19,5"
"1995-08-11","21,8"
"1995-08-12","20,8"
"1995-08-13","19,9"
"1995-08-14",21
"1995-08-15",22
"1995-08-16","23,1"
"1995-08-17",20
"1995-08-18",20
"1995-08-19","18,8"
"1995-08-20","19,7"
"1995-08-21","20,3"
"1995-08-22","20,3"
"1995-08-23","20,2"
"1995-08-24","20,8"
"1995-08-25",18
"1995-08-26","20,7"
"1995-08-27","20,9"
"1995-08-28","20,5"
"1995-08-29","21,5"
"1995-08-30","20,5"
"1995-08-31","20,6"
"1995-09-01","20,1"
"1995-09-02","19,7"
"1995-09-03","16,2"
"1995-09-04","15,7"
"1995-09-05","16,7"
"1995-09-06",20
"1995-09-07","18,3"
"1995-09-08","18,2"
"1995-09-09","18,3"
"1995-09-10","16,1"
"1995-09-11","14,7"
"1995-09-12","15,5"
"1995-09-13","16,6"
"1995-09-14","16,5"
"1995-09-15","16,7"
"1995-09-16","15,5"
"1995-09-17","14,3"
"1995-09-18","13,9"
"1995-09-19","15,1"
"1995-09-20","16,1"
"1995-09-21","14,9"
"1995-09-22","14,2"
"1995-09-23","14,4"
"1995-09-24","13,8"
"1995-09-25","16,1"
"1995-09-26","13,4"
"1995-09-27","14,2"
"1995-09-28","17,2"
"1995-09-29","16,3"
"1995-09-30","17,1"
"1995-10-01","16,1"
"1995-10-02","16,5"
"1995-10-03","18,3"
"1995-10-04","14,7"
"1995-10-05","14,1"
"1995-10-06","15,6"
"1995-10-07","18,3"
"1995-10-08","19,8"
"1995-10-09","18,6"
"1995-10-10","18,6"
"1995-10-11","18,8"
"1995-10-12","16,3"
"1995-10-13","18,8"
"1995-10-14",17
"1995-10-15","16,3"
"1995-10-16","17,9"
"1995-10-17","20,6"
"1995-10-18",18
"1995-10-19","17,2"
"1995-10-20","15,9"
"1995-10-21","13,9"
"1995-10-22","12,2"
"1995-10-23","16,1"
"1995-10-24","15,2"
"1995-10-25","13,9"
"1995-10-26","19,2"
"1995-10-27","17,8"
"1995-10-28","16,8"
"1995-10-29","14,7"
"1995-10-30","15,4"
"1995-10-31","16,8"
"1995-11-01","17,8"
"1995-11-02","18,3"
"1995-11-03","17,9"
"1995-11-04","16,7"
"1995-11-05","14,7"
"1995-11-06","15,5"
"1995-11-07","13,6"
"1995-11-08","11,7"
"1995-11-09","13,3"
"1995-11-10",11
"1995-11-11","10,3"
"1995-11-12","10,3"
"1995-11-13","12,9"
"1995-11-14","16,1"
"1995-11-15","14,9"
"1995-11-16","14,4"
"1995-11-17","14,9"
"1995-11-18","16,8"
"1995-11-19","16,5"
"1995-11-20",19
"1995-11-21","13,3"
"1995-11-22","10,8"
"1995-11-23",10
"1995-11-24","11,4"
"1995-11-25","9,4"
"1995-11-26","8,2"
"1995-11-27","12,2"
"1995-11-28","10,2"
"1995-11-29","11,4"
"1995-11-30","12,1"
"1995-12-01","11,6"
"1995-12-02",15
"1995-12-03","13,5"
"1995-12-04","11,5"
"1995-12-05","9,5"
"1995-12-06","9,4"
"1995-12-07","6,2"
"1995-12-08",5
"1995-12-09","7,2"
"1995-12-10","9,6"
"1995-12-11","9,8"
"1995-12-12","9,1"
"1995-12-13","8,4"
"1995-12-14","7,7"
"1995-12-15","4,5"
"1995-12-16","5,8"
"1995-12-17","9,9"
"1995-12-18",12
"1995-12-19","14,4"
"1995-12-20","14,6"
"1995-12-21","15,1"
"1995-12-22","13,8"
"1995-12-23",14
"1995-12-24","16,3"
"1995-12-25","15,3"
"1995-12-26","10,6"
"1995-12-27","11,2"
"1995-12-28",13
"1995-12-29","14,5"
"1995-12-30","12,8"
"1995-12-31",13
"1996-01-01","12,1"
"1996-01-02","11,4"
"1996-01-03",14
"1996-01-04","13,5"
"1996-01-05","11,1"
"1996-01-06","12,2"
"1996-01-07","11,5"
"1996-01-08","12,1"
"1996-01-09","10,6"
"1996-01-10","10,1"
"1996-01-11","12,7"
"1996-01-12","9,1"
"1996-01-13","10,4"
"1996-01-14",12
"1996-01-15","8,3"
"1996-01-16","9,2"
"1996-01-17","11,5"
"1996-01-18",10
"1996-01-19","8,6"
"1996-01-20",6
"1996-01-21","6,9"
"1996-01-22","7,9"
"1996-01-23","7,7"
"1996-01-24","7,6"
"1996-01-25","8,4"
"1996-01-26","9,1"
"1996-01-27","10,7"
"1996-01-28","12,3"
"1996-01-29","10,7"
"1996-01-30","10,7"
"1996-01-31","9,7"
"1996-02-01","7,6"
"1996-02-02","9,4"
"1996-02-03",10
"1996-02-04","7,7"
"1996-02-05","10,3"
"1996-02-06","11,8"
"1996-02-07","11,4"
"1996-02-08","8,9"
"1996-02-09","8,4"
"1996-02-10","8,6"
"1996-02-11","9,1"
"1996-02-12","12,1"
"1996-02-13",12
"1996-02-14","9,3"
"1996-02-15","8,9"
"1996-02-16","9,3"
"1996-02-17","9,7"
"1996-02-18","6,8"
"1996-02-19","6,8"
"1996-02-20","4,5"
"1996-02-21","4,5"
"1996-02-22","4,6"
"1996-02-23","7,1"
"1996-02-24","9,4"
"1996-02-25","7,2"
"1996-02-26","5,8"
"1996-02-27","9,4"
"1996-02-28","10,5"
"1996-02-29","11,9"
"1996-03-01","10,2"
"1996-03-02","9,1"
"1996-03-03","9,3"
"1996-03-04","8,9"
"1996-03-05",8
"1996-03-06","8,6"
"1996-03-07",8
"1996-03-08","5,9"
"1996-03-09","7,4"
"1996-03-10","13,7"
"1996-03-11","10,7"
"1996-03-12","10,9"
"1996-03-13","8,8"
"1996-03-14","7,7"
"1996-03-15",7
"1996-03-16","7,5"
"1996-03-17","8,5"
"1996-03-18","10,6"
"1996-03-19","11,5"
"1996-03-20","11,3"
"1996-03-21","13,7"
"1996-03-22","15,4"
"1996-03-23","16,5"
"1996-03-24","14,9"
"1996-03-25","15,3"
"1996-03-26","14,5"
"1996-03-27","12,8"
"1996-03-28","13,5"
"1996-03-29","16,6"
"1996-03-30","14,6"
"1996-03-31","13,1"
"1996-04-01","11,8"
"1996-04-02","9,3"
"1996-04-03","9,5"
"1996-04-04","12,3"
"1996-04-05","12,2"
"1996-04-06","13,1"
"1996-04-07","12,8"
"1996-04-08","12,9"
"1996-04-09","12,5"
"1996-04-10","13,7"
"1996-04-11","14,8"
"1996-04-12","14,7"
"1996-04-13","15,2"
"1996-04-14",14
"1996-04-15",16
"1996-04-16","14,3"
"1996-04-17","11,3"
"1996-04-18","11,5"
"1996-04-19","11,9"
"1996-04-20",14
"1996-04-21","13,3"
"1996-04-22",11
"1996-04-23","10,5"
"1996-04-24","10,9"
"1996-04-25","12,3"
"1996-04-26","12,9"
"1996-04-27","13,7"
"1996-04-28","14,3"
"1996-04-29","12,6"
"1996-04-30","11,4"
"1996-05-01","10,5"
"1996-05-02","11,1"
"1996-05-03","11,1"
"1996-05-04","11,8"
"1996-05-05","17,3"
"1996-05-06","14,2"
"1996-05-07","12,7"
"1996-05-08","12,1"
"1996-05-09","11,7"
"1996-05-10","10,8"
"1996-05-11","9,3"
"1996-05-12","10,5"
"1996-05-13","11,4"
"1996-05-14",16
"1996-05-15","14,3"
"1996-05-16","15,3"
"1996-05-17","11,8"
"1996-05-18","10,1"
"1996-05-19","10,1"
"1996-05-20","13,4"
"1996-05-21","13,5"
"1996-05-22","14,3"
"1996-05-23","13,6"
"1996-05-24","16,9"
"1996-05-25",17
"1996-05-26","18,5"
"1996-05-27","16,6"
"1996-05-28","19,1"
"1996-05-29","17,7"
"1996-05-30","17,4"
"1996-05-31",16
"1996-06-01","14,7"
"1996-06-02",14
"1996-06-03","15,9"
"1996-06-04","18,2"
"1996-06-05","19,1"
"1996-06-06","17,8"
"1996-06-07","18,3"
"1996-06-08","15,7"
"1996-06-09","16,8"
"1996-06-10","16,9"
"1996-06-11","18,3"
"1996-06-12","20,5"
"1996-06-13","23,1"
"1996-06-14","25,1"
"1996-06-15","23,3"
"1996-06-16","21,2"
"1996-06-17","17,9"
"1996-06-18","18,9"
"1996-06-19","18,2"
"1996-06-20","17,6"
"1996-06-21","16,4"
"1996-06-22",17
"1996-06-23","17,6"
"1996-06-24","18,4"
"1996-06-25","16,9"
"1996-06-26","18,2"
"1996-06-27","18,3"
"1996-06-28","16,7"
"1996-06-29","17,5"
"1996-06-30","18,2"
"1996-07-01","16,8"
"1996-07-02","16,8"
"1996-07-03","19,3"
"1996-07-04","18,9"
"1996-07-05","17,3"
"1996-07-06","16,4"
"1996-07-07","15,1"
"1996-07-08","14,5"
"1996-07-09","16,8"
"1996-07-10","20,3"
"1996-07-11","21,3"
"1996-07-12","20,5"
"1996-07-13","19,7"
"1996-07-14","22,2"
"1996-07-15","22,4"
"1996-07-16","22,9"
"1996-07-17","20,9"
"1996-07-18","19,4"
"1996-07-19","19,2"
"1996-07-20","21,1"
"1996-07-21","19,6"
"1996-07-22","18,8"
"1996-07-23",18
"1996-07-24","18,4"
"1996-07-25","17,3"
"1996-07-26","16,8"
"1996-07-27",19
"1996-07-28","18,2"
"1996-07-29","18,5"
"1996-07-30","18,3"
"1996-07-31","18,4"
"1996-08-01","18,3"
"1996-08-02","19,7"
"1996-08-03","21,1"
"1996-08-04","17,3"
"1996-08-05","21,1"
"1996-08-06","19,6"
"1996-08-07",20
"1996-08-08","20,9"
"1996-08-09",20
"1996-08-10","20,2"
"1996-08-11","19,4"
"1996-08-12","17,2"
"1996-08-13","16,7"
"1996-08-14","20,5"
"1996-08-15","21,8"
"1996-08-16","20,1"
"1996-08-17","18,8"
"1996-08-18","19,2"
"1996-08-19","17,5"
"1996-08-20","16,8"
"1996-08-21","17,2"
"1996-08-22","18,3"
"1996-08-23","18,3"
"1996-08-24","17,1"
"1996-08-25","17,6"
"1996-08-26",18
"1996-08-27","16,4"
"1996-08-28","14,5"
"1996-08-29","15,7"
"1996-08-30",16
"1996-08-31","19,4"
"1996-09-01","17,4"
"1996-09-02","19,6"
"1996-09-03","19,6"
"1996-09-04","18,6"
"1996-09-05","19,7"
"1996-09-06",18
"1996-09-07","16,9"
"1996-09-08","20,2"
"1996-09-09","17,3"
"1996-09-10","17,8"
"1996-09-11","16,5"
"1996-09-12","16,7"
"1996-09-13","14,3"
"1996-09-14","15,1"
"1996-09-15","15,6"
"1996-09-16","15,7"
"1996-09-17","18,3"
"1996-09-18","16,6"
"1996-09-19","16,8"
"1996-09-20","17,2"
"1996-09-21",15
"1996-09-22","16,9"
"1996-09-23","16,3"
"1996-09-24","15,4"
"1996-09-25","16,9"
"1996-09-26","16,5"
"1996-09-27","17,1"
"1996-09-28","16,9"
"1996-09-29","14,6"
"1996-09-30",16
"1996-10-01","14,6"
"1996-10-02","14,3"
"1996-10-03",13
"1996-10-04","13,9"
"1996-10-05","13,1"
"1996-10-06","13,4"
"1996-10-07","13,4"
"1996-10-08","14,2"
"1996-10-09","14,6"
"1996-10-10","14,5"
"1996-10-11",14
"1996-10-12","16,4"
"1996-10-13","14,4"
"1996-10-14","14,4"
"1996-10-15","12,6"
"1996-10-16","12,7"
"1996-10-17",15
"1996-10-18","17,6"
"1996-10-19","17,3"
"1996-10-20","19,1"
"1996-10-21","18,3"
"1996-10-22","20,6"
"1996-10-23","18,6"
"1996-10-24","18,6"
"1996-10-25","13,2"
"1996-10-26","12,7"
"1996-10-27","12,6"
"1996-10-28",16
"1996-10-29","11,9"
"1996-10-30","11,4"
"1996-10-31","12,8"
"1996-11-01",14
"1996-11-02","12,7"
"1996-11-03","14,9"
"1996-11-04","14,7"
"1996-11-05","11,7"
"1996-11-06","14,2"
"1996-11-07","12,8"
"1996-11-08","11,1"
"1996-11-09","11,1"
"1996-11-10","10,3"
"1996-11-11","8,7"
"1996-11-12",8
"1996-11-13","8,4"
"1996-11-14","10,6"
"1996-11-15","7,8"
"1996-11-16","6,6"
"1996-11-17",9
"1996-11-18","9,7"
"1996-11-19","12,2"
"1996-11-20","12,5"
"1996-11-21","13,7"
"1996-11-22","13,3"
"1996-11-23","8,3"
"1996-11-24","8,3"
"1996-11-25","13,9"
"1996-11-26","14,5"
"1996-11-27","12,6"
"1996-11-28","8,8"
"1996-11-29","9,3"
"1996-11-30",13
"1996-12-01","13,4"
"1996-12-02",9
"1996-12-03","9,4"
"1996-12-04","6,4"
"1996-12-05","6,3"
"1996-12-06","8,5"
"1996-12-07","7,4"
"1996-12-08","6,4"
"1996-12-09","8,5"
"1996-12-10","10,4"
"1996-12-11",11
"1996-12-12","12,1"
"1996-12-13","11,9"
"1996-12-14","6,5"
"1996-12-15","7,3"
"1996-12-16","10,7"
"1996-12-17","15,3"
"1996-12-18","12,7"
"1996-12-19","11,1"
"1996-12-20","10,6"
"1996-12-21","10,3"
"1996-12-22","10,4"
"1996-12-23","9,9"
"1996-12-24","9,9"
"1996-12-25","5,8"
"1996-12-26","6,6"
"1996-12-27","8,5"
"1996-12-28","5,9"
"1996-12-29","5,1"
"1996-12-30","4,8"
"1996-12-31","3,5"
"1997-01-01","2,7"
"1997-01-02","3,3"
"1997-01-03","5,3"
"1997-01-04","3,6"
"1997-01-05","2,8"
"1997-01-06","5,3"
"1997-01-07","3,7"
"1997-01-08","9,4"
"1997-01-09","10,9"
"1997-01-10","13,7"
"1997-01-11","12,5"
"1997-01-12",14
"1997-01-13","11,1"
"1997-01-14",9
"1997-01-15","10,2"
"1997-01-16","9,9"
"1997-01-17","9,7"
"1997-01-18","9,9"
"1997-01-19","6,5"
"1997-01-20","5,4"
"1997-01-21",9
"1997-01-22","9,7"
"1997-01-23","9,5"
"1997-01-24","8,6"
"1997-01-25","11,7"
"1997-01-26","10,8"
"1997-01-27","11,7"
"1997-01-28","9,2"
"1997-01-29","5,4"
"1997-01-30","12,4"
"1997-01-31","11,8"
"1997-02-01","11,9"
"1997-02-02","12,1"
"1997-02-03","8,6"
"1997-02-04",7
"1997-02-05","11,2"
"1997-02-06","10,1"
"1997-02-07","9,3"
"1997-02-08","9,3"
"1997-02-09","9,6"
"1997-02-10","11,1"
"1997-02-11","13,6"
"1997-02-12","13,2"
"1997-02-13","13,2"
"1997-02-14","12,7"
"1997-02-15","9,6"
"1997-02-16","11,6"
"1997-02-17","10,7"
"1997-02-18",11
"1997-02-19",11
"1997-02-20","12,7"
"1997-02-21","10,6"
"1997-02-22",10
"1997-02-23","12,9"
"1997-02-24","14,2"
"1997-02-25","14,9"
"1997-02-26","10,4"
"1997-02-27","12,6"
"1997-02-28","13,6"
"1997-03-01","13,2"
"1997-03-02","14,4"
"1997-03-03",17
"1997-03-04","12,9"
"1997-03-05",14
"1997-03-06","12,9"
"1997-03-07",15
"1997-03-08","14,4"
"1997-03-09","16,2"
"1997-03-10","15,7"
"1997-03-11",14
"1997-03-12","14,2"
"1997-03-13","11,8"
"1997-03-14","11,9"
"1997-03-15","11,4"
"1997-03-16","14,9"
"1997-03-17","15,5"
"1997-03-18","13,3"
"1997-03-19","11,5"
"1997-03-20","12,2"
"1997-03-21","13,5"
"1997-03-22","15,7"
"1997-03-23","14,4"
"1997-03-24","11,6"
"1997-03-25","9,4"
"1997-03-26",11
"1997-03-27","14,6"
"1997-03-28","14,2"
"1997-03-29","14,3"
"1997-03-30","13,5"
"1997-03-31","14,6"
"1997-04-01","12,8"
"1997-04-02",13
"1997-04-03","13,4"
"1997-04-04","14,8"
"1997-04-05","16,3"
"1997-04-06","15,5"
"1997-04-07","14,6"
"1997-04-08","14,7"
"1997-04-09","14,9"
"1997-04-10","16,2"
"1997-04-11","15,6"
"1997-04-12","13,6"
"1997-04-13","14,1"
"1997-04-14","14,3"
"1997-04-15","16,1"
"1997-04-16","16,9"
"1997-04-17","13,6"
"1997-04-18",12
"1997-04-19","10,2"
"1997-04-20","12,3"
"1997-04-21","12,9"
"1997-04-22","12,3"
"1997-04-23","9,7"
"1997-04-24","13,4"
"1997-04-25","15,8"
"1997-04-26","16,5"
"1997-04-27","16,1"
"1997-04-28","16,6"
"1997-04-29","17,2"
"1997-04-30",19
"1997-05-01","23,2"
"1997-05-02","20,1"
"1997-05-03","19,6"
"1997-05-04",17
"1997-05-05","11,8"
"1997-05-06","11,4"
"1997-05-07","11,3"
"1997-05-08","12,4"
"1997-05-09","14,3"
"1997-05-10","14,4"
"1997-05-11",13
"1997-05-12","11,9"
"1997-05-13","11,5"
"1997-05-14","11,9"
"1997-05-15","14,9"
"1997-05-16","14,4"
"1997-05-17","13,2"
"1997-05-18","14,6"
"1997-05-19","13,7"
"1997-05-20",15
"1997-05-21",14
"1997-05-22","15,4"
"1997-05-23","18,9"
"1997-05-24","17,7"
"1997-05-25","17,7"
"1997-05-26","19,6"
"1997-05-27","18,8"
"1997-05-28","18,9"
"1997-05-29","18,2"
"1997-05-30","20,3"
"1997-05-31","18,3"
"1997-06-01","16,2"
"1997-06-02","17,2"
"1997-06-03","16,8"
"1997-06-04","14,4"
"1997-06-05","15,5"
"1997-06-06",18
"1997-06-07","17,1"
"1997-06-08","17,5"
"1997-06-09","18,7"
"1997-06-10","18,9"
"1997-06-11",19
"1997-06-12","18,5"
"1997-06-13","17,6"
"1997-06-14","16,2"
"1997-06-15","15,8"
"1997-06-16","16,4"
"1997-06-17","16,8"
"1997-06-18","15,9"
"1997-06-19","15,2"
"1997-06-20","15,2"
"1997-06-21","15,8"
"1997-06-22","15,9"
"1997-06-23","16,8"
"1997-06-24","14,7"
"1997-06-25","15,2"
"1997-06-26","16,3"
"1997-06-27","13,7"
"1997-06-28","12,5"
"1997-06-29","14,9"
"1997-06-30","16,4"
"1997-07-01","14,6"
"1997-07-02","13,9"
"1997-07-03","14,3"
"1997-07-04","16,4"
"1997-07-05","16,8"
"1997-07-06","16,5"
"1997-07-07","20,5"
"1997-07-08","21,7"
"1997-07-09","19,7"
"1997-07-10","19,1"
"1997-07-11","17,9"
"1997-07-12","18,8"
"1997-07-13","19,2"
"1997-07-14","18,5"
"1997-07-15","20,7"
"1997-07-16","19,1"
"1997-07-17","19,2"
"1997-07-18",19
"1997-07-19","19,4"
"1997-07-20","17,8"
"1997-07-21","18,4"
"1997-07-22","20,5"
"1997-07-23","19,3"
"1997-07-24","19,9"
"1997-07-25","19,6"
"1997-07-26","21,3"
"1997-07-27","21,1"
"1997-07-28","20,4"
"1997-07-29","19,2"
"1997-07-30","19,4"
"1997-07-31","21,5"
"1997-08-01","20,6"
"1997-08-02","19,5"
"1997-08-03","18,1"
"1997-08-04","18,2"
"1997-08-05","16,5"
"1997-08-06","17,8"
"1997-08-07","17,6"
"1997-08-08","19,8"
"1997-08-09",23
"1997-08-10","20,9"
"1997-08-11","21,2"
"1997-08-12","20,8"
"1997-08-13","18,4"
"1997-08-14","20,4"
"1997-08-15","20,6"
"1997-08-16","20,1"
"1997-08-17","18,6"
"1997-08-18",21
"1997-08-19","21,8"
"1997-08-20","20,4"
"1997-08-21","22,6"
"1997-08-22","21,8"
"1997-08-23","22,5"
"1997-08-24",20
"1997-08-25","17,4"
"1997-08-26","16,5"
"1997-08-27","18,3"
"1997-08-28","17,4"
"1997-08-29","19,5"
"1997-08-30","20,4"
"1997-08-31","18,2"
"1997-09-01","16,8"
"1997-09-02","15,4"
"1997-09-03",17
"1997-09-04","20,2"
"1997-09-05",18
"1997-09-06","17,8"
"1997-09-07","21,9"
"1997-09-08","21,1"
"1997-09-09","19,6"
"1997-09-10","19,8"
"1997-09-11","18,5"
"1997-09-12","17,1"
"1997-09-13","16,6"
"1997-09-14","17,3"
"1997-09-15","17,6"
"1997-09-16","19,1"
"1997-09-17","16,5"
"1997-09-18","19,6"
"1997-09-19","18,3"
"1997-09-20",17
"1997-09-21","15,5"
"1997-09-22","16,9"
"1997-09-23","16,7"
"1997-09-24","17,8"
"1997-09-25","17,6"
"1997-09-26","19,3"
"1997-09-27","18,8"
"1997-09-28","18,9"
"1997-09-29","20,2"
"1997-09-30","21,8"
"1997-10-01","20,8"
"1997-10-02","20,1"
"1997-10-03","20,1"
"1997-10-04","20,5"
"1997-10-05","18,9"
"1997-10-06","17,2"
"1997-10-07",17
"1997-10-08","19,6"
"1997-10-09","21,6"
"1997-10-10","21,8"
"1997-10-11","20,3"
"1997-10-12",16
"1997-10-13","13,1"
"1997-10-14","13,8"
"1997-10-15",12
"1997-10-16","14,9"
"1997-10-17","16,2"
"1997-10-18","18,9"
"1997-10-19","17,2"
"1997-10-20","19,1"
"1997-10-21","19,3"
"1997-10-22","18,1"
"1997-10-23","17,5"
"1997-10-24","16,4"
"1997-10-25","17,5"
"1997-10-26","19,5"
"1997-10-27","16,7"
"1997-10-28","16,9"
"1997-10-29","13,3"
"1997-10-30","11,6"
"1997-10-31","12,4"
"1997-11-01","11,4"
"1997-11-02","12,7"
"1997-11-03","15,8"
"1997-11-04","14,5"
"1997-11-05","12,6"
"1997-11-06","13,2"
"1997-11-07","13,9"
"1997-11-08",13
"1997-11-09","11,1"
"1997-11-10","11,4"
"1997-11-11","9,6"
"1997-11-12","11,4"
"1997-11-13","14,2"
"1997-11-14",15
"1997-11-15","17,6"
"1997-11-16","15,4"
"1997-11-17","16,6"
"1997-11-18","14,8"
"1997-11-19",15
"1997-11-20","12,6"
"1997-11-21","10,9"
"1997-11-22","9,5"
"1997-11-23","12,3"
"1997-11-24","11,7"
"1997-11-25","13,7"
"1997-11-26","12,5"
"1997-11-27","13,3"
"1997-11-28","13,8"
"1997-11-29","13,3"
"1997-11-30","12,9"
"1997-12-01","12,4"
"1997-12-02","11,1"
"1997-12-03","8,1"
"1997-12-04","5,8"
"1997-12-05","6,2"
"1997-12-06","7,1"
"1997-12-07","12,6"
"1997-12-08","12,4"
"1997-12-09","12,1"
"1997-12-10","15,3"
"1997-12-11","14,3"
"1997-12-12","8,6"
"1997-12-13","7,8"
"1997-12-14",8
"1997-12-15","6,3"
"1997-12-16","6,1"
"1997-12-17","10,5"
"1997-12-18","10,4"
"1997-12-19","10,4"
"1997-12-20",10
"1997-12-21","12,1"
"1997-12-22","12,3"
"1997-12-23","12,1"
"1997-12-24","14,6"
"1997-12-25","14,5"
"1997-12-26",11
"1997-12-27","11,1"
"1997-12-28","11,1"
"1997-12-29","12,2"
"1997-12-30","10,1"
"1997-12-31","9,6"
"1998-01-01","9,3"
"1998-01-02","14,5"
"1998-01-03","12,4"
"1998-01-04","11,8"
"1998-01-05","12,2"
"1998-01-06","13,3"
"1998-01-07","12,6"
"1998-01-08","12,8"
"1998-01-09",14
"1998-01-10","17,5"
"1998-01-11","13,9"
"1998-01-12",13
"1998-01-13","9,6"
"1998-01-14","10,1"
"1998-01-15","12,8"
"1998-01-16","9,7"
"1998-01-17",9
"1998-01-18","13,7"
"1998-01-19",13
"1998-01-20","11,3"
"1998-01-21","9,9"
"1998-01-22","8,7"
"1998-01-23","8,8"
"1998-01-24","8,9"
"1998-01-25","7,4"
"1998-01-26","5,1"
"1998-01-27","4,6"
"1998-01-28","8,3"
"1998-01-29","8,6"
"1998-01-30","7,8"
"1998-01-31","7,8"
"1998-02-01","9,9"
"1998-02-02","10,6"
"1998-02-03","10,9"
"1998-02-04",9
"1998-02-05","7,5"
"1998-02-06","8,4"
"1998-02-07","9,4"
"1998-02-08","10,3"
"1998-02-09","9,6"
"1998-02-10","13,7"
"1998-02-11","13,3"
"1998-02-12","14,3"
"1998-02-13","13,4"
"1998-02-14","15,4"
"1998-02-15","16,3"
"1998-02-16","13,6"
"1998-02-17","13,8"
"1998-02-18","14,7"
"1998-02-19","13,8"
"1998-02-20","14,3"
"1998-02-21","11,5"
"1998-02-22","9,5"
"1998-02-23","8,3"
"1998-02-24","11,4"
"1998-02-25","11,5"
"1998-02-26","10,6"
"1998-02-27","9,9"
"1998-02-28","9,9"
"1998-03-01","8,5"
"1998-03-02","9,5"
"1998-03-03","18,1"
"1998-03-04","13,4"
"1998-03-05",11
"1998-03-06","10,7"
"1998-03-07","15,4"
"1998-03-08","14,1"
"1998-03-09","12,8"
"1998-03-10","12,5"
"1998-03-11","11,2"
"1998-03-12",11
"1998-03-13","10,9"
"1998-03-14","10,4"
"1998-03-15","10,2"
"1998-03-16","11,8"
"1998-03-17","11,6"
"1998-03-18","13,4"
"1998-03-19",15
"1998-03-20","14,8"
"1998-03-21","13,6"
"1998-03-22","14,5"
"1998-03-23","12,6"
"1998-03-24","11,2"
"1998-03-25","10,2"
"1998-03-26","11,7"
"1998-03-27","13,8"
"1998-03-28","16,5"
"1998-03-29","12,8"
"1998-03-30","12,3"
"1998-03-31","14,6"
"1998-04-01","15,3"
"1998-04-02","14,3"
"1998-04-03","12,4"
"1998-04-04","10,3"
"1998-04-05","11,1"
"1998-04-06","11,9"
"1998-04-07","10,9"
"1998-04-08","10,6"
"1998-04-09","8,4"
"1998-04-10","7,9"
"1998-04-11","7,2"
"1998-04-12",8
"1998-04-13","9,8"
"1998-04-14",10
"1998-04-15",10
"1998-04-16","11,5"
"1998-04-17","10,1"
"1998-04-18","9,6"
"1998-04-19","12,4"
"1998-04-20","12,1"
"1998-04-21","11,5"
"1998-04-22",12
"1998-04-23",13
"1998-04-24","17,6"
"1998-04-25","14,5"
"1998-04-26","11,9"
"1998-04-27","11,8"
"1998-04-28","13,9"
"1998-04-29","11,8"
"1998-04-30","11,6"
"1998-05-01","12,6"
"1998-05-02","11,7"
"1998-05-03",12
"1998-05-04","11,4"
"1998-05-05","10,7"
"1998-05-06","10,3"
"1998-05-07",13
"1998-05-08","13,5"
"1998-05-09","12,7"
"1998-05-10","16,7"
"1998-05-11","16,7"
"1998-05-12","17,2"
"1998-05-13","15,8"
"1998-05-14","17,3"
"1998-05-15",16
"1998-05-16","16,9"
"1998-05-17","19,2"
"1998-05-18",19
"1998-05-19","19,2"
"1998-05-20","17,5"
"1998-05-21",19
"1998-05-22",18
"1998-05-23","17,9"
"1998-05-24",17
"1998-05-25","15,5"
"1998-05-26","14,7"
"1998-05-27","12,9"
"1998-05-28","12,9"
"1998-05-29","12,5"
"1998-05-30","11,6"
"1998-05-31","14,1"
"1998-06-01","13,7"
"1998-06-02","15,8"
"1998-06-03","15,5"
"1998-06-04","16,9"
"1998-06-05","16,5"
"1998-06-06","17,8"
"1998-06-07",16
"1998-06-08","18,4"
"1998-06-09","20,2"
"1998-06-10","16,3"
"1998-06-11","14,7"
"1998-06-12","13,3"
"1998-06-13","16,4"
"1998-06-14","16,1"
"1998-06-15",15
"1998-06-16","14,4"
"1998-06-17","16,6"
"1998-06-18","19,4"
"1998-06-19","24,6"
"1998-06-20","21,9"
"1998-06-21",18
"1998-06-22","16,6"
"1998-06-23","16,8"
"1998-06-24","16,5"
"1998-06-25","15,6"
"1998-06-26","14,8"
"1998-06-27","16,3"
"1998-06-28","17,1"
"1998-06-29","19,1"
"1998-06-30","17,4"
"1998-07-01","16,2"
"1998-07-02","17,1"
"1998-07-03","17,5"
"1998-07-04","19,2"
"1998-07-05","19,7"
"1998-07-06","16,9"
"1998-07-07","16,9"
"1998-07-08","17,2"
"1998-07-09","15,4"
"1998-07-10","16,5"
"1998-07-11","18,7"
"1998-07-12","17,4"
"1998-07-13","17,4"
"1998-07-14","17,4"
"1998-07-15","15,4"
"1998-07-16",18
"1998-07-17","20,2"
"1998-07-18","19,5"
"1998-07-19","18,4"
"1998-07-20","18,6"
"1998-07-21","19,3"
"1998-07-22",22
"1998-07-23","20,7"
"1998-07-24","18,2"
"1998-07-25","18,6"
"1998-07-26","16,4"
"1998-07-27","18,5"
"1998-07-28","18,7"
"1998-07-29","20,9"
"1998-07-30","17,2"
"1998-07-31","17,6"
"1998-08-01","17,7"
"1998-08-02","15,7"
"1998-08-03","16,9"
"1998-08-04","18,5"
"1998-08-05","22,6"
"1998-08-06","23,6"
"1998-08-07","23,6"
"1998-08-08","22,3"
"1998-08-09","19,2"
"1998-08-10","18,8"
"1998-08-11","19,8"
"1998-08-12","20,8"
"1998-08-13","20,4"
"1998-08-14","20,6"
"1998-08-15","22,2"
"1998-08-16","21,7"
"1998-08-17","18,8"
"1998-08-18","19,5"
"1998-08-19","18,8"
"1998-08-20","18,6"
"1998-08-21","16,3"
"1998-08-22","19,8"
"1998-08-23","20,3"
"1998-08-24",21
"1998-08-25","21,6"
"1998-08-26","20,4"
"1998-08-27","20,7"
"1998-08-28","20,2"
"1998-08-29","17,1"
"1998-08-30","16,3"
"1998-08-31","20,1"
"1998-09-01","20,3"
"1998-09-02","21,1"
"1998-09-03","20,8"
"1998-09-04","19,6"
"1998-09-05","19,9"
"1998-09-06","18,7"
"1998-09-07","19,4"
"1998-09-08","19,1"
"1998-09-09","20,6"
"1998-09-10","17,8"
"1998-09-11","16,8"
"1998-09-12","15,3"
"1998-09-13",18
"1998-09-14","16,7"
"1998-09-15",17
"1998-09-16","19,1"
"1998-09-17","19,5"
"1998-09-18","19,3"
"1998-09-19","19,5"
"1998-09-20","19,6"
"1998-09-21","19,3"
"1998-09-22","19,2"
"1998-09-23","16,5"
"1998-09-24","16,1"
"1998-09-25",15
"1998-09-26","15,8"
"1998-09-27","17,8"
"1998-09-28","18,3"
"1998-09-29","17,8"
"1998-09-30","15,6"
"1998-10-01","15,9"
"1998-10-02",15
"1998-10-03","12,9"
"1998-10-04","14,7"
"1998-10-05","13,1"
"1998-10-06","13,1"
"1998-10-07","12,8"
"1998-10-08","12,5"
"1998-10-09","14,9"
"1998-10-10","14,8"
"1998-10-11","14,1"
"1998-10-12","16,3"
"1998-10-13",17
"1998-10-14","17,2"
"1998-10-15",16
"1998-10-16","14,7"
"1998-10-17",13
"1998-10-18","12,6"
"1998-10-19","11,5"
"1998-10-20","11,8"
"1998-10-21",16
"1998-10-22","18,3"
"1998-10-23","19,7"
"1998-10-24","18,3"
"1998-10-25","15,5"
"1998-10-26","12,6"
"1998-10-27","12,6"
"1998-10-28","16,8"
"1998-10-29","12,6"
"1998-10-30","10,3"
"1998-10-31","12,4"
"1998-11-01","16,8"
"1998-11-02","14,9"
"1998-11-03","11,1"
"1998-11-04","9,6"
"1998-11-05","8,2"
"1998-11-06","9,3"
"1998-11-07","11,8"
"1998-11-08","17,8"
"1998-11-09","17,5"
"1998-11-10","15,5"
"1998-11-11","15,5"
"1998-11-12","11,2"
"1998-11-13","13,1"
"1998-11-14","11,9"
"1998-11-15","9,3"
"1998-11-16","9,8"
"1998-11-17","9,9"
"1998-11-18","9,4"
"1998-11-19","8,8"
"1998-11-20","12,6"
"1998-11-21","11,7"
"1998-11-22","9,8"
"1998-11-23",9
"1998-11-24","8,7"
"1998-11-25","11,6"
"1998-11-26","9,7"
"1998-11-27","8,1"
"1998-11-28","9,7"
"1998-11-29","11,2"
"1998-11-30","10,3"
"1998-12-01","6,7"
"1998-12-02","4,1"
"1998-12-03","4,8"
"1998-12-04","5,6"
"1998-12-05","6,5"
"1998-12-06","8,8"
"1998-12-07","6,4"
"1998-12-08","8,2"
"1998-12-09","13,5"
"1998-12-10","14,7"
"1998-12-11",15
"1998-12-12",16
"1998-12-13","14,8"
"1998-12-14","14,6"
"1998-12-15","12,1"
"1998-12-16","10,8"
"1998-12-17","9,5"
"1998-12-18","10,5"
"1998-12-19",10
"1998-12-20","9,1"
"1998-12-21","6,4"
"1998-12-22","5,2"
"1998-12-23","5,8"
"1998-12-24","7,4"
"1998-12-25","7,3"
"1998-12-26",10
"1998-12-27","11,2"
"1998-12-28","8,6"
"1998-12-29","11,2"
"1998-12-30","8,5"
"1998-12-31","7,1"
"1999-01-01","6,6"
"1999-01-02","12,2"
"1999-01-03","12,4"
"1999-01-04",13
"1999-01-05",15
"1999-01-06","16,1"
"1999-01-07","13,8"
"1999-01-08","10,1"
"1999-01-09","8,2"
"1999-01-10","4,6"
"1999-01-11","3,5"
"1999-01-12","3,7"
"1999-01-13","8,8"
"1999-01-14","8,3"
"1999-01-15","6,6"
"1999-01-16","9,6"
"1999-01-17",6
"1999-01-18","6,8"
"1999-01-19",12
"1999-01-20","10,5"
"1999-01-21",9
"1999-01-22","7,5"
"1999-01-23","7,3"
"1999-01-24","12,6"
"1999-01-25","12,4"
"1999-01-26","11,4"
"1999-01-27","11,4"
"1999-01-28","9,8"
"1999-01-29","7,8"
"1999-01-30","9,1"
"1999-01-31",8
"1999-02-01","6,2"
"1999-02-02","8,1"
"1999-02-03","7,9"
"1999-02-04","7,7"
"1999-02-05","6,6"
"1999-02-06","8,2"
"1999-02-07","9,8"
"1999-02-08",9
"1999-02-09","7,8"
"1999-02-10",5
"1999-02-11","6,5"
"1999-02-12","7,9"
"1999-02-13","5,7"
"1999-02-14","6,2"
"1999-02-15","5,1"
"1999-02-16","9,5"
"1999-02-17","11,1"
"1999-02-18","11,4"
"1999-02-19","9,5"
"1999-02-20","12,4"
"1999-02-21","12,5"
"1999-02-22","12,1"
"1999-02-23","11,6"
"1999-02-24",10
"1999-02-25","10,4"
"1999-02-26","8,6"
"1999-02-27","8,2"
"1999-02-28","6,4"
"1999-03-01",8
"1999-03-02","12,1"
"1999-03-03","9,1"
"1999-03-04","8,4"
"1999-03-05",8
"1999-03-06","7,8"
"1999-03-07",8
"1999-03-08","10,2"
"1999-03-09",11
"1999-03-10","12,7"
"1999-03-11","12,2"
"1999-03-12","12,1"
"1999-03-13","10,2"
"1999-03-14",12
"1999-03-15","13,6"
"1999-03-16","12,6"
"1999-03-17","13,3"
"1999-03-18","11,8"
"1999-03-19","12,8"
"1999-03-20","11,2"
"1999-03-21","10,6"
"1999-03-22","11,4"
"1999-03-23","10,1"
"1999-03-24","10,2"
"1999-03-25","8,8"
"1999-03-26",10
"1999-03-27","8,9"
"1999-03-28","11,1"
"1999-03-29","14,2"
"1999-03-30","14,3"
"1999-03-31",15
"1999-04-01",13
"1999-04-02","13,9"
"1999-04-03","16,3"
"1999-04-04","15,7"
"1999-04-05","12,5"
"1999-04-06","13,8"
"1999-04-07","11,3"
"1999-04-08","12,9"
"1999-04-09","12,9"
"1999-04-10","10,9"
"1999-04-11","11,6"
"1999-04-12","11,4"
"1999-04-13","11,2"
"1999-04-14","9,1"
"1999-04-15","6,9"
"1999-04-16","8,9"
"1999-04-17","8,6"
"1999-04-18","9,1"
"1999-04-19","11,1"
"1999-04-20","14,1"
"1999-04-21","13,6"
"1999-04-22","12,8"
"1999-04-23","11,8"
"1999-04-24","12,5"
"1999-04-25","14,6"
"1999-04-26","12,4"
"1999-04-27",13
"1999-04-28","14,5"
"1999-04-29","14,7"
"1999-04-30","14,9"
"1999-05-01","15,1"
"1999-05-02","13,2"
"1999-05-03","13,3"
"1999-05-04","14,4"
"1999-05-05","15,2"
"1999-05-06","16,3"
"1999-05-07",15
"1999-05-08","14,2"
"1999-05-09","15,8"
"1999-05-10","15,4"
"1999-05-11","18,4"
"1999-05-12","17,4"
"1999-05-13","15,9"
"1999-05-14","12,8"
"1999-05-15",13
"1999-05-16","14,6"
"1999-05-17","11,2"
"1999-05-18","10,7"
"1999-05-19","12,2"
"1999-05-20","12,7"
"1999-05-21","14,2"
"1999-05-22","13,4"
"1999-05-23","16,5"
"1999-05-24","15,9"
"1999-05-25","17,2"
"1999-05-26","20,6"
"1999-05-27","16,8"
"1999-05-28","18,4"
"1999-05-29","18,7"
"1999-05-30","16,7"
"1999-05-31","16,8"
"1999-06-01","17,3"
"1999-06-02","16,6"
"1999-06-03","16,1"
"1999-06-04",16
"1999-06-05","14,5"
"1999-06-06","14,2"
"1999-06-07","12,8"
"1999-06-08","11,6"
"1999-06-09","14,2"
"1999-06-10",16
"1999-06-11","16,7"
"1999-06-12",16
"1999-06-13","18,3"
"1999-06-14","17,2"
"1999-06-15","18,6"
"1999-06-16","16,4"
"1999-06-17","17,2"
"1999-06-18","17,9"
"1999-06-19","16,6"
"1999-06-20","17,4"
"1999-06-21",17
"1999-06-22","17,6"
"1999-06-23","18,5"
"1999-06-24","18,4"
"1999-06-25","20,1"
"1999-06-26","17,7"
"1999-06-27","16,6"
"1999-06-28","15,8"
"1999-06-29","17,4"
"1999-06-30","18,2"
"1999-07-01","19,9"
"1999-07-02","21,4"
"1999-07-03","19,1"
"1999-07-04","18,6"
"1999-07-05","17,5"
"1999-07-06","17,3"
"1999-07-07","18,8"
"1999-07-08","25,2"
"1999-07-09","24,6"
"1999-07-10","22,6"
"1999-07-11","22,4"
"1999-07-12","19,7"
"1999-07-13","18,2"
"1999-07-14","18,2"
"1999-07-15",19
"1999-07-16",20
"1999-07-17","18,9"
"1999-07-18","19,4"
"1999-07-19","20,5"
"1999-07-20","21,7"
"1999-07-21","19,9"
"1999-07-22","20,6"
"1999-07-23","21,6"
"1999-07-24","20,6"
"1999-07-25",20
"1999-07-26","18,4"
"1999-07-27","18,9"
"1999-07-28","19,5"
"1999-07-29",19
"1999-07-30","19,7"
"1999-07-31","19,2"
"1999-08-01",19
"1999-08-02","19,5"
"1999-08-03",19
"1999-08-04","20,5"
"1999-08-05","19,8"
"1999-08-06","20,5"
"1999-08-07","19,1"
"1999-08-08","19,6"
"1999-08-09",19
"1999-08-10","18,6"
"1999-08-11","18,9"
"1999-08-12","18,8"
"1999-08-13","18,3"
"1999-08-14",20
"1999-08-15","19,2"
"1999-08-16","19,8"
"1999-08-17","18,2"
"1999-08-18","17,8"
"1999-08-19","15,8"
"1999-08-20","17,8"
"1999-08-21","19,4"
"1999-08-22","21,3"
"1999-08-23","21,6"
"1999-08-24","22,2"
"1999-08-25","22,7"
"1999-08-26","19,6"
"1999-08-27","19,6"
"1999-08-28",21
"1999-08-29","21,5"
"1999-08-30","22,2"
"1999-08-31","22,6"
"1999-09-01","23,1"
"1999-09-02","22,8"
"1999-09-03",20
"1999-09-04","19,9"
"1999-09-05","18,3"
"1999-09-06","20,1"
"1999-09-07","18,8"
"1999-09-08",18
"1999-09-09","19,8"
"1999-09-10","21,7"
"1999-09-11","20,6"
"1999-09-12","16,9"
"1999-09-13",14
"1999-09-14",14
"1999-09-15","15,4"
"1999-09-16","15,8"
"1999-09-17","16,6"
"1999-09-18","15,8"
"1999-09-19","15,6"
"1999-09-20","16,2"
"1999-09-21","19,2"
"1999-09-22","18,8"
"1999-09-23",20
"1999-09-24","19,2"
"1999-09-25","17,1"
"1999-09-26","16,6"
"1999-09-27",18
"1999-09-28","18,8"
"1999-09-29",19
"1999-09-30","16,7"
"1999-10-01","14,2"
"1999-10-02",16
"1999-10-03","13,2"
"1999-10-04","12,4"
"1999-10-05","15,7"
"1999-10-06","16,2"
"1999-10-07",14
"1999-10-08","14,6"
"1999-10-09",14
"1999-10-10","15,8"
"1999-10-11","16,2"
"1999-10-12","15,6"
"1999-10-13",16
"1999-10-14","16,2"
"1999-10-15","17,1"
"1999-10-16","13,3"
"1999-10-17","13,2"
"1999-10-18","12,8"
"1999-10-19","13,8"
"1999-10-20","13,8"
"1999-10-21","15,3"
"1999-10-22",15
"1999-10-23","15,2"
"1999-10-24",14
"1999-10-25","12,7"
"1999-10-26","11,4"
"1999-10-27","14,8"
"1999-10-28","14,8"
"1999-10-29","18,4"
"1999-10-30","12,4"
"1999-10-31","12,2"
"1999-11-01","16,2"
"1999-11-02","10,8"
"1999-11-03","9,4"
"1999-11-04","13,2"
"1999-11-05",14
"1999-11-06",10
"1999-11-07","9,6"
"1999-11-08","10,8"
"1999-11-09","11,6"
"1999-11-10",14
"1999-11-11",11
"1999-11-12","8,7"
"1999-11-13",7
"1999-11-14","11,4"
"1999-11-15","12,1"
"1999-11-16",12
"1999-11-17","9,8"
"1999-11-18","11,6"
"1999-11-19","8,9"
"1999-11-20","6,2"
"1999-11-21","6,6"
"1999-11-22","6,6"
"1999-11-23","9,1"
"1999-11-24","7,8"
"1999-11-25","7,2"
"1999-11-26",9
"1999-11-27","11,8"
"1999-11-28","10,6"
"1999-11-29","10,8"
"1999-11-30","9,8"
"1999-12-01",8
"1999-12-02","7,4"
"1999-12-03",8
"1999-12-04","9,4"
"1999-12-05","8,6"
"1999-12-06","8,2"
"1999-12-07","9,6"
"1999-12-08","11,8"
"1999-12-09","9,9"
"1999-12-10","10,7"
"1999-12-11","14,2"
"1999-12-12","9,8"
"1999-12-13","10,4"
"1999-12-14",12
"1999-12-15","6,7"
"1999-12-16","5,5"
"1999-12-17",6
"1999-12-18","10,2"
"1999-12-19","12,4"
"1999-12-20",11
"1999-12-21","12,3"
"1999-12-22","12,4"
"1999-12-23","9,3"
"1999-12-24",12
"1999-12-25","15,2"
"1999-12-26",16
"1999-12-27",13
"1999-12-28","9,5"
"1999-12-29","7,4"
"1999-12-30","5,3"
"1999-12-31",5
"2000-01-01",5
"2000-01-02","5,4"
"2000-01-03","7,4"
"2000-01-04","11,1"
"2000-01-05","10,6"
"2000-01-06","11,5"
"2000-01-07","10,6"
"2000-01-08","10,5"
"2000-01-09","6,7"
"2000-01-10","5,1"
"2000-01-11","4,5"
"2000-01-12",6
"2000-01-13","7,2"
"2000-01-14","4,9"
"2000-01-15","6,5"
"2000-01-16","7,2"
"2000-01-17","6,6"
"2000-01-18","6,3"
"2000-01-19",7
"2000-01-20","8,4"
"2000-01-21","4,2"
"2000-01-22","6,4"
"2000-01-23","8,2"
"2000-01-24","6,3"
"2000-01-25","4,9"
"2000-01-26","5,6"
"2000-01-27","8,8"
"2000-01-28",8
"2000-01-29","7,4"
"2000-01-30","10,4"
"2000-01-31","10,4"
"2000-02-01","10,9"
"2000-02-02","11,4"
"2000-02-03","8,8"
"2000-02-04","9,6"
"2000-02-05","12,2"
"2000-02-06","10,8"
"2000-02-07","13,3"
"2000-02-08",13
"2000-02-09","11,4"
"2000-02-10","13,8"
"2000-02-11","9,9"
"2000-02-12","8,4"
"2000-02-13","8,8"
"2000-02-14",11
"2000-02-15","11,2"
"2000-02-16",11
"2000-02-17","11,2"
"2000-02-18","12,4"
"2000-02-19","11,1"
"2000-02-20","9,3"
"2000-02-21","8,9"
"2000-02-22","7,9"
"2000-02-23",13
"2000-02-24","12,4"
"2000-02-25","12,2"
"2000-02-26","10,3"
"2000-02-27","10,1"
"2000-02-28","10,2"
"2000-02-29","10,4"
"2000-03-01",10
"2000-03-02","6,6"
"2000-03-03","7,6"
"2000-03-04","11,2"
"2000-03-05","11,3"
"2000-03-06","13,2"
"2000-03-07","12,2"
"2000-03-08","15,7"
"2000-03-09","17,2"
"2000-03-10",15
"2000-03-11","13,3"
"2000-03-12","12,4"
"2000-03-13","11,6"
"2000-03-14","11,6"
"2000-03-15","11,1"
"2000-03-16",14
"2000-03-17","12,6"
"2000-03-18","12,6"
"2000-03-19","11,6"
"2000-03-20","11,6"
"2000-03-21","10,8"
"2000-03-22",12
"2000-03-23","11,8"
"2000-03-24","11,1"
"2000-03-25","9,7"
"2000-03-26","9,6"
"2000-03-27","8,8"
"2000-03-28","7,5"
"2000-03-29","6,2"
"2000-03-30","6,8"
"2000-03-31","8,4"
"2000-04-01","9,6"
"2000-04-02","12,8"
"2000-04-03",10
"2000-04-04","7,3"
"2000-04-05","7,6"
"2000-04-06","8,5"
"2000-04-07","10,8"
"2000-04-08","12,8"
"2000-04-09","10,6"
"2000-04-10","10,2"
"2000-04-11","10,3"
"2000-04-12","9,6"
"2000-04-13","8,9"
"2000-04-14","9,6"
"2000-04-15","10,4"
"2000-04-16","10,2"
"2000-04-17","11,5"
"2000-04-18","13,2"
"2000-04-19","15,8"
"2000-04-20","14,8"
"2000-04-21","13,2"
"2000-04-22","10,6"
"2000-04-23","11,2"
"2000-04-24","14,1"
"2000-04-25","12,1"
"2000-04-26","10,6"
"2000-04-27","10,6"
"2000-04-28","9,7"
"2000-04-29","13,6"
"2000-04-30",15
"2000-05-01","15,1"
"2000-05-02","15,5"
"2000-05-03","17,2"
"2000-05-04","16,4"
"2000-05-05","15,6"
"2000-05-06","15,2"
"2000-05-07","15,8"
"2000-05-08","14,2"
"2000-05-09","15,5"
"2000-05-10","15,7"
"2000-05-11","14,7"
"2000-05-12","14,4"
"2000-05-13","17,6"
"2000-05-14","15,5"
"2000-05-15","15,8"
"2000-05-16","14,8"
"2000-05-17","13,4"
"2000-05-18","12,5"
"2000-05-19","13,6"
"2000-05-20","13,4"
"2000-05-21","13,9"
"2000-05-22","13,8"
"2000-05-23","13,4"
"2000-05-24","15,6"
"2000-05-25",16
"2000-05-26","14,3"
"2000-05-27","12,3"
"2000-05-28","16,4"
"2000-05-29","18,7"
"2000-05-30",18
"2000-05-31",16
"2000-06-01","15,4"
"2000-06-02",17
"2000-06-03","14,5"
"2000-06-04",14
"2000-06-05","14,6"
"2000-06-06","12,9"
"2000-06-07","16,9"
"2000-06-08","15,6"
"2000-06-09","13,6"
"2000-06-10","12,8"
"2000-06-11","16,6"
"2000-06-12","15,8"
"2000-06-13","18,4"
"2000-06-14","21,5"
"2000-06-15","26,6"
"2000-06-16",25
"2000-06-17","26,8"
"2000-06-18",22
"2000-06-19","19,8"
"2000-06-20","17,6"
"2000-06-21","18,2"
"2000-06-22",17
"2000-06-23",16
"2000-06-24","19,5"
"2000-06-25","19,4"
"2000-06-26","19,6"
"2000-06-27","20,8"
"2000-06-28",19
"2000-06-29","18,1"
"2000-06-30","18,6"
"2000-07-01","18,4"
"2000-07-02","18,9"
"2000-07-03","17,6"
"2000-07-04","16,6"
"2000-07-05",17
"2000-07-06",17
"2000-07-07","17,4"
"2000-07-08",17
"2000-07-09",17
"2000-07-10","16,4"
"2000-07-11","16,4"
"2000-07-12","17,3"
"2000-07-13","18,1"
"2000-07-14","18,4"
"2000-07-15","18,2"
"2000-07-16","19,4"
"2000-07-17","20,2"
"2000-07-18","19,4"
"2000-07-19","18,6"
"2000-07-20","20,8"
"2000-07-21","19,4"
"2000-07-22","20,5"
"2000-07-23","19,6"
"2000-07-24","19,9"
"2000-07-25","19,6"
"2000-07-26","20,4"
"2000-07-27","19,4"
"2000-07-28","18,8"
"2000-07-29","18,4"
"2000-07-30","20,7"
"2000-07-31","19,6"
"2000-08-01","18,4"
"2000-08-02","17,2"
"2000-08-03","16,8"
"2000-08-04","16,8"
"2000-08-05","19,2"
"2000-08-06","18,6"
"2000-08-07","20,2"
"2000-08-08","22,4"
"2000-08-09","20,6"
"2000-08-10","18,8"
"2000-08-11","19,4"
"2000-08-12","19,9"
"2000-08-13","22,4"
"2000-08-14","18,6"
"2000-08-15","18,6"
"2000-08-16","20,6"
"2000-08-17","20,1"
"2000-08-18","19,2"
"2000-08-19","18,1"
"2000-08-20","17,1"
"2000-08-21","16,4"
"2000-08-22","16,4"
"2000-08-23","18,7"
"2000-08-24",20
"2000-08-25","18,5"
"2000-08-26","17,2"
"2000-08-27",18
"2000-08-28","16,2"
"2000-08-29",18
"2000-08-30","18,2"
"2000-08-31","16,3"
"2000-09-01","18,2"
"2000-09-02","17,2"
"2000-09-03","18,8"
"2000-09-04","17,8"
"2000-09-05","17,2"
"2000-09-06","17,6"
"2000-09-07","19,6"
"2000-09-08","20,1"
"2000-09-09","20,6"
"2000-09-10","16,9"
"2000-09-11",18
"2000-09-12",18
"2000-09-13","18,2"
"2000-09-14","18,8"
"2000-09-15","17,6"
"2000-09-16","18,2"
"2000-09-17","19,6"
"2000-09-18",17
"2000-09-19","12,5"
"2000-09-20","14,9"
"2000-09-21","18,4"
"2000-09-22","20,8"
"2000-09-23","17,4"
"2000-09-24",16
"2000-09-25","18,7"
"2000-09-26","16,8"
"2000-09-27",16
"2000-09-28",16
"2000-09-29","15,8"
"2000-09-30","15,8"
"2000-10-01","16,2"
"2000-10-02","14,2"
"2000-10-03","14,9"
"2000-10-04","16,5"
"2000-10-05","15,6"
"2000-10-06",15
"2000-10-07",13
"2000-10-08",13
"2000-10-09",13
"2000-10-10","15,4"
"2000-10-11",12
"2000-10-12","12,4"
"2000-10-13","12,6"
"2000-10-14","10,8"
"2000-10-15","12,4"
"2000-10-16","12,7"
"2000-10-17","16,2"
"2000-10-18",16
"2000-10-19","14,4"
"2000-10-20","10,3"
"2000-10-21",12
"2000-10-22","12,2"
"2000-10-23","11,2"
"2000-10-24","15,4"
"2000-10-25","15,1"
"2000-10-26","14,4"
"2000-10-27","13,6"
"2000-10-28",15
"2000-10-29","13,8"
"2000-10-30","12,4"
"2000-10-31","11,8"
"2000-11-01","13,6"
"2000-11-02","12,3"
"2000-11-03","11,2"
"2000-11-04","10,8"
"2000-11-05","14,6"
"2000-11-06","10,4"
"2000-11-07","9,8"
"2000-11-08","9,4"
"2000-11-09","9,4"
"2000-11-10","8,8"
"2000-11-11","8,3"
"2000-11-12","10,2"
"2000-11-13","9,4"
"2000-11-14",7
"2000-11-15","7,6"
"2000-11-16","10,6"
"2000-11-17","8,8"
"2000-11-18","11,4"
"2000-11-19","11,8"
"2000-11-20","10,9"
"2000-11-21",11
"2000-11-22","11,3"
"2000-11-23","9,4"
"2000-11-24","11,4"
"2000-11-25","15,4"
"2000-11-26","15,2"
"2000-11-27","17,2"
"2000-11-28",18
"2000-11-29","13,5"
"2000-11-30","14,6"
"2000-12-01","13,1"
"2000-12-02",9
"2000-12-03","12,2"
"2000-12-04","16,3"
"2000-12-05","13,9"
"2000-12-06","11,1"
"2000-12-07","13,3"
"2000-12-08",11
"2000-12-09","11,8"
"2000-12-10","13,6"
"2000-12-11","14,8"
"2000-12-12","15,3"
"2000-12-13","13,1"
"2000-12-14","9,6"
"2000-12-15",9
"2000-12-16","9,4"
"2000-12-17","11,8"
"2000-12-18",12
"2000-12-19",13
"2000-12-20","10,6"
"2000-12-21",10
"2000-12-22","12,2"
"2000-12-23","10,3"
"2000-12-24","10,4"
"2000-12-25","9,6"
"2000-12-26",10
"2000-12-27","7,8"
"2000-12-28","9,4"
"2000-12-29",11
"2000-12-30","10,2"
"2000-12-31","12,6"
"2001-01-01",12
"2001-01-02","9,8"
"2001-01-03","11,8"
"2001-01-04","12,4"
"2001-01-05","12,4"
"2001-01-06","8,4"
"2001-01-07","7,6"
"2001-01-08","6,8"
"2001-01-09","10,4"
"2001-01-10","12,7"
"2001-01-11","11,4"
"2001-01-12","9,6"
"2001-01-13","7,6"
"2001-01-14","7,2"
"2001-01-15",6
"2001-01-16","8,4"
"2001-01-17","7,8"
"2001-01-18","8,9"
"2001-01-19","10,5"
"2001-01-20","10,2"
"2001-01-21","11,5"
"2001-01-22","12,9"
"2001-01-23","14,8"
"2001-01-24","9,7"
"2001-01-25","7,5"
"2001-01-26","10,8"
"2001-01-27",10
"2001-01-28","9,6"
"2001-01-29","9,8"
"2001-01-30","10,2"
"2001-01-31",12
"2001-02-01","11,2"
"2001-02-02","10,6"
"2001-02-03","11,6"
"2001-02-04","12,2"
"2001-02-05","13,5"
"2001-02-06","11,6"
"2001-02-07","10,7"
"2001-02-08","8,8"
"2001-02-09","9,4"
"2001-02-10",15
"2001-02-11","15,6"
"2001-02-12","14,8"
"2001-02-13",12
"2001-02-14","8,7"
"2001-02-15","7,4"
"2001-02-16","9,6"
"2001-02-17","8,4"
"2001-02-18",6
"2001-02-19",10
"2001-02-20","8,4"
"2001-02-21","8,8"
"2001-02-22","9,8"
"2001-02-23","7,9"
"2001-02-24","9,5"
"2001-02-25","7,8"
"2001-02-26","5,2"
"2001-02-27","7,4"
"2001-02-28","6,9"
"2001-03-01","6,4"
"2001-03-02","9,4"
"2001-03-03","10,8"
"2001-03-04",10
"2001-03-05","13,8"
"2001-03-06","15,8"
"2001-03-07","12,2"
"2001-03-08","12,6"
"2001-03-09","13,8"
"2001-03-10",15
"2001-03-11","14,3"
"2001-03-12","11,3"
"2001-03-13","12,6"
"2001-03-14","10,3"
"2001-03-15",11
"2001-03-16","11,6"
"2001-03-17",12
"2001-03-18","13,2"
"2001-03-19","14,2"
"2001-03-20","16,2"
"2001-03-21","15,8"
"2001-03-22","15,7"
"2001-03-23","15,4"
"2001-03-24","12,8"
"2001-03-25","12,1"
"2001-03-26","11,4"
"2001-03-27",11
"2001-03-28","12,1"
"2001-03-29",11
"2001-03-30",13
"2001-03-31",13
"2001-04-01","14,8"
"2001-04-02","12,8"
"2001-04-03","12,2"
"2001-04-04","12,6"
"2001-04-05","14,2"
"2001-04-06",13
"2001-04-07","11,3"
"2001-04-08","11,6"
"2001-04-09","11,2"
"2001-04-10","12,8"
"2001-04-11","12,4"
"2001-04-12","11,3"
"2001-04-13","12,5"
"2001-04-14","14,1"
"2001-04-15","11,5"
"2001-04-16","11,1"
"2001-04-17","13,5"
"2001-04-18",11
"2001-04-19","10,2"
"2001-04-20","8,1"
"2001-04-21","9,5"
"2001-04-22","12,3"
"2001-04-23",14
"2001-04-24","12,8"
"2001-04-25","11,6"
"2001-04-26","11,8"
"2001-04-27","11,6"
"2001-04-28","10,6"
"2001-04-29","8,8"
"2001-04-30","8,8"
"2001-05-01","8,2"
"2001-05-02","11,9"
"2001-05-03",11
"2001-05-04","11,6"
"2001-05-05","11,2"
"2001-05-06","9,7"
"2001-05-07",10
"2001-05-08","13,6"
"2001-05-09",14
"2001-05-10","14,2"
"2001-05-11","16,5"
"2001-05-12","13,8"
"2001-05-13","13,5"
"2001-05-14","12,4"
"2001-05-15","13,8"
"2001-05-16","13,8"
"2001-05-17","13,2"
"2001-05-18","13,8"
"2001-05-19","14,3"
"2001-05-20",16
"2001-05-21",14
"2001-05-22","14,8"
"2001-05-23",14
"2001-05-24","16,8"
"2001-05-25","15,2"
"2001-05-26","16,6"
"2001-05-27","18,9"
"2001-05-28","18,4"
"2001-05-29","18,9"
"2001-05-30","16,4"
"2001-05-31","17,4"
"2001-06-01",19
"2001-06-02","18,4"
"2001-06-03","16,1"
"2001-06-04","17,8"
"2001-06-05","16,5"
"2001-06-06","16,6"
"2001-06-07","15,1"
"2001-06-08","15,4"
"2001-06-09",17
"2001-06-10","14,6"
"2001-06-11","14,7"
"2001-06-12","17,6"
"2001-06-13","16,4"
"2001-06-14","18,4"
"2001-06-15",17
"2001-06-16",16
"2001-06-17","14,8"
"2001-06-18","16,2"
"2001-06-19","21,2"
"2001-06-20","22,3"
"2001-06-21","17,4"
"2001-06-22","16,7"
"2001-06-23","17,4"
"2001-06-24","17,9"
"2001-06-25","17,9"
"2001-06-26","19,8"
"2001-06-27","17,5"
"2001-06-28","18,8"
"2001-06-29","19,1"
"2001-06-30","19,1"
"2001-07-01",22
"2001-07-02","21,6"
"2001-07-03","18,4"
"2001-07-04","16,7"
"2001-07-05",17
"2001-07-06","16,8"
"2001-07-07","17,6"
"2001-07-08",16
"2001-07-09","17,7"
"2001-07-10","18,4"
"2001-07-11","18,4"
"2001-07-12","18,9"
"2001-07-13","19,3"
"2001-07-14","16,6"
"2001-07-15","14,8"
"2001-07-16","15,9"
"2001-07-17","17,8"
"2001-07-18","16,7"
"2001-07-19","15,4"
"2001-07-20","15,4"
"2001-07-21","17,4"
"2001-07-22",19
"2001-07-23","19,8"
"2001-07-24","19,4"
"2001-07-25","18,4"
"2001-07-26","17,6"
"2001-07-27",19
"2001-07-28","18,9"
"2001-07-29",20
"2001-07-30","21,3"
"2001-07-31","22,4"
"2001-08-01","21,4"
"2001-08-02","18,2"
"2001-08-03","21,4"
"2001-08-04","16,6"
"2001-08-05","18,5"
"2001-08-06","19,2"
"2001-08-07","19,8"
"2001-08-08","18,4"
"2001-08-09","18,5"
"2001-08-10","19,4"
"2001-08-11","19,3"
"2001-08-12","18,8"
"2001-08-13","19,8"
"2001-08-14","20,8"
"2001-08-15","17,1"
"2001-08-16","16,6"
"2001-08-17","16,6"
"2001-08-18","18,7"
"2001-08-19",18
"2001-08-20","18,1"
"2001-08-21","19,2"
"2001-08-22","18,9"
"2001-08-23","19,6"
"2001-08-24","21,3"
"2001-08-25","21,4"
"2001-08-26",20
"2001-08-27","22,4"
"2001-08-28","18,5"
"2001-08-29",20
"2001-08-30","20,3"
"2001-08-31",17
"2001-09-01","18,5"
"2001-09-02","18,2"
"2001-09-03","17,8"
"2001-09-04","19,2"
"2001-09-05","20,4"
"2001-09-06","19,2"
"2001-09-07","18,3"
"2001-09-08",16
"2001-09-09",17
"2001-09-10","16,6"
"2001-09-11","17,3"
"2001-09-12",16
"2001-09-13","15,6"
"2001-09-14","16,4"
"2001-09-15","17,5"
"2001-09-16","16,4"
"2001-09-17","16,8"
"2001-09-18","16,6"
"2001-09-19","14,6"
"2001-09-20","17,2"
"2001-09-21","16,2"
"2001-09-22","16,4"
"2001-09-23","15,5"
"2001-09-24","15,3"
"2001-09-25","15,9"
"2001-09-26","16,2"
"2001-09-27","18,6"
"2001-09-28","17,8"
"2001-09-29",19
"2001-09-30","19,8"
"2001-10-01",21
"2001-10-02",17
"2001-10-03","15,6"
"2001-10-04","13,1"
"2001-10-05","17,7"
"2001-10-06",17
"2001-10-07","16,1"
"2001-10-08","14,9"
"2001-10-09","14,8"
"2001-10-10","13,6"
"2001-10-11","15,8"
"2001-10-12",21
"2001-10-13","17,8"
"2001-10-14","16,8"
"2001-10-15","14,3"
"2001-10-16","15,4"
"2001-10-17","15,4"
"2001-10-18",16
"2001-10-19","15,2"
"2001-10-20","13,7"
"2001-10-21","15,1"
"2001-10-22","16,2"
"2001-10-23","15,3"
"2001-10-24","16,5"
"2001-10-25","14,6"
"2001-10-26","14,8"
"2001-10-27","15,8"
"2001-10-28","19,2"
"2001-10-29",18
"2001-10-30",17
"2001-10-31","16,3"
"2001-11-01","13,4"
"2001-11-02","13,2"
"2001-11-03","11,8"
"2001-11-04","11,6"
"2001-11-05","13,4"
"2001-11-06","11,9"
"2001-11-07","10,6"
"2001-11-08","11,1"
"2001-11-09","9,6"
"2001-11-10","10,5"
"2001-11-11","10,1"
"2001-11-12","11,6"
"2001-11-13","13,1"
"2001-11-14","10,8"
"2001-11-15","9,8"
"2001-11-16",10
"2001-11-17","7,6"
"2001-11-18","7,6"
"2001-11-19","7,8"
"2001-11-20","10,6"
"2001-11-21","6,8"
"2001-11-22","6,7"
"2001-11-23","8,2"
"2001-11-24","7,4"
"2001-11-25","7,2"
"2001-11-26","8,9"
"2001-11-27","8,8"
"2001-11-28","11,6"
"2001-11-29","12,8"
"2001-11-30","12,9"
"2001-12-01","11,6"
"2001-12-02","11,6"
"2001-12-03","12,2"
"2001-12-04","12,5"
"2001-12-05","14,1"
"2001-12-06","11,1"
"2001-12-07","8,4"
"2001-12-08","7,6"
"2001-12-09","7,4"
"2001-12-10",10
"2001-12-11",8
"2001-12-12","6,8"
"2001-12-13","6,2"
"2001-12-14","5,6"
"2001-12-15","4,2"
"2001-12-16","3,4"
"2001-12-17",4
"2001-12-18",4
"2001-12-19","4,4"
"2001-12-20",4
"2001-12-21","4,2"
"2001-12-22","2,5"
"2001-12-23","3,8"
"2001-12-24","4,2"
"2001-12-25","2,6"
"2001-12-26","8,2"
"2001-12-27","7,6"
"2001-12-28","8,7"
"2001-12-29","10,6"
"2001-12-30","13,6"
"2001-12-31","13,4"
"2002-01-01","14,4"
"2002-01-02","13,9"
"2002-01-03","9,6"
"2002-01-04","9,1"
"2002-01-05","9,6"
"2002-01-06","8,6"
"2002-01-07","8,9"
"2002-01-08","7,5"
"2002-01-09","9,2"
"2002-01-10",9
"2002-01-11","10,6"
"2002-01-12","12,3"
"2002-01-13","12,8"
"2002-01-14","11,4"
"2002-01-15","8,4"
"2002-01-16","8,4"
"2002-01-17","9,3"
"2002-01-18","8,4"
"2002-01-19","8,8"
"2002-01-20","8,9"
"2002-01-21","11,1"
"2002-01-22",11
"2002-01-23",12
"2002-01-24","11,4"
"2002-01-25","13,4"
"2002-01-26",14
"2002-01-27",16
"2002-01-28","13,4"
"2002-01-29","12,4"
"2002-01-30","13,1"
"2002-01-31","10,1"
"2002-02-01",14
"2002-02-02","13,8"
"2002-02-03","9,9"
"2002-02-04","13,1"
"2002-02-05","11,8"
"2002-02-06",11
"2002-02-07","12,8"
"2002-02-08","13,4"
"2002-02-09",11
"2002-02-10","11,9"
"2002-02-11","12,8"
"2002-02-12","14,4"
"2002-02-13","10,8"
"2002-02-14","7,4"
"2002-02-15","7,3"
"2002-02-16","7,4"
"2002-02-17","6,2"
"2002-02-18","7,6"
"2002-02-19","6,7"
"2002-02-20","9,4"
"2002-02-21",10
"2002-02-22","9,2"
"2002-02-23","11,8"
"2002-02-24","9,8"
"2002-02-25","9,8"
"2002-02-26","12,8"
"2002-02-27","10,4"
"2002-02-28","8,4"
"2002-03-01","7,1"
"2002-03-02","7,3"
"2002-03-03","6,6"
"2002-03-04","10,8"
"2002-03-05","11,1"
"2002-03-06","10,6"
"2002-03-07","11,1"
"2002-03-08","10,2"
"2002-03-09",10
"2002-03-10","7,2"
"2002-03-11","10,9"
"2002-03-12","11,6"
"2002-03-13",11
"2002-03-14",11
"2002-03-15","10,7"
"2002-03-16","9,8"
"2002-03-17",12
"2002-03-18","14,8"
"2002-03-19","15,3"
"2002-03-20","17,8"
"2002-03-21","14,6"
"2002-03-22","16,5"
"2002-03-23","19,2"
"2002-03-24","12,4"
"2002-03-25","12,3"
"2002-03-26","12,2"
"2002-03-27","12,9"
"2002-03-28","12,3"
"2002-03-29",11
"2002-03-30",12
"2002-03-31","10,2"
"2002-04-01","12,2"
"2002-04-02","9,1"
"2002-04-03","8,4"
"2002-04-04","9,2"
"2002-04-05","9,3"
"2002-04-06","9,6"
"2002-04-07","9,2"
"2002-04-08","14,4"
"2002-04-09","12,2"
"2002-04-10",10
"2002-04-11","8,2"
"2002-04-12","10,2"
"2002-04-13","8,2"
"2002-04-14","9,3"
"2002-04-15","11,2"
"2002-04-16","9,8"
"2002-04-17",11
"2002-04-18","10,8"
"2002-04-19","10,8"
"2002-04-20","11,8"
"2002-04-21","11,6"
"2002-04-22","16,2"
"2002-04-23","17,5"
"2002-04-24","17,6"
"2002-04-25","14,4"
"2002-04-26","15,2"
"2002-04-27","12,4"
"2002-04-28","13,6"
"2002-04-29","12,1"
"2002-04-30","11,3"
"2002-05-01","11,6"
"2002-05-02","11,2"
"2002-05-03","10,6"
"2002-05-04","10,6"
"2002-05-05","13,2"
"2002-05-06",12
"2002-05-07",14
"2002-05-08","12,7"
"2002-05-09","13,6"
"2002-05-10","12,2"
"2002-05-11","12,6"
"2002-05-12","13,6"
"2002-05-13","14,4"
"2002-05-14","14,3"
"2002-05-15","16,8"
"2002-05-16","17,3"
"2002-05-17","14,6"
"2002-05-18","14,8"
"2002-05-19",18
"2002-05-20","15,2"
"2002-05-21","14,3"
"2002-05-22","13,3"
"2002-05-23","14,2"
"2002-05-24","14,6"
"2002-05-25","14,3"
"2002-05-26","13,6"
"2002-05-27","13,2"
"2002-05-28","11,5"
"2002-05-29","11,4"
"2002-05-30","13,9"
"2002-05-31","17,2"
"2002-06-01","16,2"
"2002-06-02",15
"2002-06-03","14,4"
"2002-06-04","13,4"
"2002-06-05","12,6"
"2002-06-06","13,6"
"2002-06-07","13,6"
"2002-06-08","12,4"
"2002-06-09","13,1"
"2002-06-10","15,4"
"2002-06-11","13,6"
"2002-06-12","15,6"
"2002-06-13","19,2"
"2002-06-14","17,4"
"2002-06-15","18,4"
"2002-06-16","16,8"
"2002-06-17","18,6"
"2002-06-18",16
"2002-06-19","15,2"
"2002-06-20","17,4"
"2002-06-21","17,4"
"2002-06-22","17,8"
"2002-06-23",15
"2002-06-24","16,2"
"2002-06-25","18,6"
"2002-06-26",19
"2002-06-27","16,8"
"2002-06-28","16,4"
"2002-06-29","16,4"
"2002-06-30","15,2"
"2002-07-01","14,3"
"2002-07-02",17
"2002-07-03","17,2"
"2002-07-04","16,4"
"2002-07-05","15,8"
"2002-07-06","15,7"
"2002-07-07","15,2"
"2002-07-08","17,8"
"2002-07-09","15,6"
"2002-07-10","15,5"
"2002-07-11","15,9"
"2002-07-12","17,6"
"2002-07-13",16
"2002-07-14","17,8"
"2002-07-15","18,8"
"2002-07-16","18,2"
"2002-07-17",21
"2002-07-18","22,8"
"2002-07-19","17,6"
"2002-07-20","17,4"
"2002-07-21","20,6"
"2002-07-22","19,1"
"2002-07-23","17,2"
"2002-07-24","18,1"
"2002-07-25","19,2"
"2002-07-26","19,4"
"2002-07-27","19,1"
"2002-07-28",19
"2002-07-29","20,5"
"2002-07-30","16,2"
"2002-07-31","15,6"
"2002-08-01","16,1"
"2002-08-02",17
"2002-08-03","18,6"
"2002-08-04","19,4"
"2002-08-05","19,3"
"2002-08-06","17,8"
"2002-08-07","18,9"
"2002-08-08","19,1"
"2002-08-09","17,2"
"2002-08-10","17,7"
"2002-08-11","16,8"
"2002-08-12",19
"2002-08-13","19,7"
"2002-08-14","20,1"
"2002-08-15","20,6"
"2002-08-16","20,5"
"2002-08-17","20,6"
"2002-08-18","18,6"
"2002-08-19","18,8"
"2002-08-20","18,8"
"2002-08-21","18,4"
"2002-08-22","18,6"
"2002-08-23",19
"2002-08-24",21
"2002-08-25","18,4"
"2002-08-26","12,7"
"2002-08-27","17,6"
"2002-08-28","18,2"
"2002-08-29","17,2"
"2002-08-30","16,4"
"2002-08-31",19
"2002-09-01","20,2"
"2002-09-02","19,4"
"2002-09-03","16,2"
"2002-09-04","17,5"
"2002-09-05","16,7"
"2002-09-06","14,8"
"2002-09-07","17,2"
"2002-09-08","15,4"
"2002-09-09","16,7"
"2002-09-10","18,2"
"2002-09-11","18,8"
"2002-09-12","18,8"
"2002-09-13","19,1"
"2002-09-14","19,2"
"2002-09-15","19,6"
"2002-09-16","20,8"
"2002-09-17","19,2"
"2002-09-18","19,6"
"2002-09-19","20,6"
"2002-09-20","20,9"
"2002-09-21","18,8"
"2002-09-22",18
"2002-09-23",18
"2002-09-24",17
"2002-09-25","16,4"
"2002-09-26","15,7"
"2002-09-27","17,6"
"2002-09-28","20,2"
"2002-09-29","19,9"
"2002-09-30","21,8"
"2002-10-01","18,5"
"2002-10-02",17
"2002-10-03","17,4"
"2002-10-04",18
"2002-10-05","19,3"
"2002-10-06","18,3"
"2002-10-07","16,8"
"2002-10-08","14,1"
"2002-10-09","12,6"
"2002-10-10","12,8"
"2002-10-11","12,7"
"2002-10-12","14,9"
"2002-10-13","15,4"
"2002-10-14","15,6"
"2002-10-15","15,7"
"2002-10-16","13,5"
"2002-10-17","12,4"
"2002-10-18","12,6"
"2002-10-19","18,5"
"2002-10-20",19
"2002-10-21","16,4"
"2002-10-22","16,4"
"2002-10-23",15
"2002-10-24","16,4"
"2002-10-25","17,5"
"2002-10-26","18,4"
"2002-10-27","15,1"
"2002-10-28","17,8"
"2002-10-29","18,7"
"2002-10-30","15,2"
"2002-10-31","15,2"
"2002-11-01",18
"2002-11-02","17,8"
"2002-11-03","13,8"
"2002-11-04","13,8"
"2002-11-05","14,1"
"2002-11-06","14,4"
"2002-11-07","9,8"
"2002-11-08","9,6"
"2002-11-09","14,7"
"2002-11-10","15,8"
"2002-11-11","13,4"
"2002-11-12","11,8"
"2002-11-13","11,7"
"2002-11-14","10,2"
"2002-11-15",11
"2002-11-16","11,2"
"2002-11-17","11,8"
"2002-11-18","14,2"
"2002-11-19","8,8"
"2002-11-20","8,4"
"2002-11-21","10,4"
"2002-11-22",11
"2002-11-23",9
"2002-11-24","8,2"
"2002-11-25","7,8"
"2002-11-26","11,8"
"2002-11-27","13,4"
"2002-11-28","11,9"
"2002-11-29","11,7"
"2002-11-30","12,8"
"2002-12-01","13,1"
"2002-12-02","11,4"
"2002-12-03","11,5"
"2002-12-04","11,8"
"2002-12-05","8,8"
"2002-12-06","7,2"
"2002-12-07","7,9"
"2002-12-08","7,6"
"2002-12-09","7,2"
"2002-12-10","8,6"
"2002-12-11","8,8"
"2002-12-12","10,4"
"2002-12-13","9,4"
"2002-12-14",11
"2002-12-15",11
"2002-12-16","11,7"
"2002-12-17","15,7"
"2002-12-18","15,3"
"2002-12-19","15,2"
"2002-12-20","14,2"
"2002-12-21","15,3"
"2002-12-22","15,9"
"2002-12-23","14,4"
"2002-12-24",15
"2002-12-25","15,8"
"2002-12-26","14,8"
"2002-12-27","11,2"
"2002-12-28",11
"2002-12-29",13
"2002-12-30","12,2"
"2002-12-31","12,6"
"2003-01-01","16,4"
"2003-01-02","14,3"
"2003-01-03","12,7"
"2003-01-04","10,7"
"2003-01-05","8,8"
"2003-01-06","10,2"
"2003-01-07","10,4"
"2003-01-08","8,6"
"2003-01-09","4,2"
"2003-01-10","4,2"
"2003-01-11","3,4"
"2003-01-12","5,6"
"2003-01-13","3,6"
"2003-01-14","4,8"
"2003-01-15",6
"2003-01-16","7,9"
"2003-01-17","6,2"
"2003-01-18","11,2"
"2003-01-19","9,8"
"2003-01-20","10,6"
"2003-01-21","10,8"
"2003-01-22","8,6"
"2003-01-23",7
"2003-01-24",6
"2003-01-25",7
"2003-01-26","9,8"
"2003-01-27","9,3"
"2003-01-28","9,9"
"2003-01-29","9,1"
"2003-01-30","9,2"
"2003-01-31","5,8"
"2003-02-01","6,4"
"2003-02-02",11
"2003-02-03","11,2"
"2003-02-04","10,4"
"2003-02-05","9,6"
"2003-02-06","10,2"
"2003-02-07","9,8"
"2003-02-08",7
"2003-02-09","10,4"
"2003-02-10","12,2"
"2003-02-11","11,4"
"2003-02-12",9
"2003-02-13","8,5"
"2003-02-14","8,2"
"2003-02-15","5,6"
"2003-02-16","4,9"
"2003-02-17","5,2"
"2003-02-18",6
"2003-02-19","6,6"
"2003-02-20","8,4"
"2003-02-21","10,4"
"2003-02-22","12,2"
"2003-02-23","10,4"
"2003-02-24","12,3"
"2003-02-25","8,8"
"2003-02-26","7,6"
"2003-02-27","10,6"
"2003-02-28","13,6"
"2003-03-01","14,7"
"2003-03-02","13,5"
"2003-03-03",15
"2003-03-04","13,6"
"2003-03-05","10,6"
"2003-03-06","9,4"
"2003-03-07","8,7"
"2003-03-08",8
"2003-03-09","11,4"
"2003-03-10","12,8"
"2003-03-11","15,4"
"2003-03-12","14,6"
"2003-03-13","16,2"
"2003-03-14",13
"2003-03-15",12
"2003-03-16","11,6"
"2003-03-17","14,3"
"2003-03-18","11,8"
"2003-03-19",10
"2003-03-20","11,2"
"2003-03-21","10,3"
"2003-03-22",11
"2003-03-23","11,8"
"2003-03-24",13
"2003-03-25","13,4"
"2003-03-26","12,9"
"2003-03-27","14,1"
"2003-03-28","12,6"
"2003-03-29","13,1"
"2003-03-30","13,1"
"2003-03-31","13,4"
"2003-04-01","12,7"
"2003-04-02","11,4"
"2003-04-03","12,3"
"2003-04-04","12,8"
"2003-04-05","13,8"
"2003-04-06",14
"2003-04-07","14,2"
"2003-04-08","11,2"
"2003-04-09","9,2"
"2003-04-10",10
"2003-04-11","9,9"
"2003-04-12",14
"2003-04-13","15,6"
"2003-04-14","15,6"
"2003-04-15",14
"2003-04-16","13,2"
"2003-04-17","17,2"
"2003-04-18","14,2"
"2003-04-19","11,6"
"2003-04-20","11,4"
"2003-04-21","14,1"
"2003-04-22","15,7"
"2003-04-23","14,7"
"2003-04-24",15
"2003-04-25","13,2"
"2003-04-26","15,2"
"2003-04-27",15
"2003-04-28","14,8"
"2003-04-29","12,6"
"2003-04-30","13,3"
"2003-05-01","14,7"
"2003-05-02","13,3"
"2003-05-03","13,2"
"2003-05-04","13,8"
"2003-05-05","11,6"
"2003-05-06","10,7"
"2003-05-07","12,3"
"2003-05-08","12,4"
"2003-05-09","13,8"
"2003-05-10","11,9"
"2003-05-11","12,8"
"2003-05-12",13
"2003-05-13","12,8"
"2003-05-14","12,8"
"2003-05-15","13,1"
"2003-05-16","14,2"
"2003-05-17",15
"2003-05-18","18,2"
"2003-05-19","15,4"
"2003-05-20","13,2"
"2003-05-21","15,5"
"2003-05-22","18,2"
"2003-05-23","16,1"
"2003-05-24","13,2"
"2003-05-25",13
"2003-05-26","13,2"
"2003-05-27",18
"2003-05-28","20,6"
"2003-05-29",16
"2003-05-30","14,8"
"2003-05-31","15,8"
"2003-06-01",15
"2003-06-02","16,3"
"2003-06-03","18,6"
"2003-06-04","14,8"
"2003-06-05","14,3"
"2003-06-06","16,6"
"2003-06-07",18
"2003-06-08","15,7"
"2003-06-09","17,9"
"2003-06-10",20
"2003-06-11","16,6"
"2003-06-12","19,8"
"2003-06-13","22,5"
"2003-06-14",20
"2003-06-15","18,4"
"2003-06-16","18,3"
"2003-06-17",17
"2003-06-18","18,2"
"2003-06-19",22
"2003-06-20",25
"2003-06-21","22,6"
"2003-06-22","18,2"
"2003-06-23","17,4"
"2003-06-24","17,4"
"2003-06-25","16,7"
"2003-06-26",16
"2003-06-27","16,2"
"2003-06-28","18,8"
"2003-06-29","15,6"
"2003-06-30","17,4"
"2003-07-01","18,2"
"2003-07-02","17,8"
"2003-07-03","17,6"
"2003-07-04","15,4"
"2003-07-05","17,6"
"2003-07-06","18,2"
"2003-07-07","18,8"
"2003-07-08",18
"2003-07-09",20
"2003-07-10","18,4"
"2003-07-11","21,8"
"2003-07-12","21,8"
"2003-07-13","18,2"
"2003-07-14","17,4"
"2003-07-15","15,6"
"2003-07-16","17,2"
"2003-07-17",18
"2003-07-18","19,2"
"2003-07-19","19,4"
"2003-07-20","17,6"
"2003-07-21","16,9"
"2003-07-22","17,4"
"2003-07-23","18,2"
"2003-07-24","18,8"
"2003-07-25","19,8"
"2003-07-26","20,2"
"2003-07-27","17,6"
"2003-07-28","17,6"
"2003-07-29","20,3"
"2003-07-30",21
"2003-07-31","19,8"
"2003-08-01","21,4"
"2003-08-02","22,6"
"2003-08-03","26,8"
"2003-08-04","22,3"
"2003-08-05","19,7"
"2003-08-06","24,7"
"2003-08-07","24,5"
"2003-08-08","22,2"
"2003-08-09","21,2"
"2003-08-10","20,7"
"2003-08-11","22,9"
"2003-08-12","27,6"
"2003-08-13",22
"2003-08-14","21,3"
"2003-08-15","20,9"
"2003-08-16","20,2"
"2003-08-17","20,2"
"2003-08-18","19,4"
"2003-08-19","19,6"
"2003-08-20",21
"2003-08-21","21,4"
"2003-08-22","23,5"
"2003-08-23","24,6"
"2003-08-24","20,6"
"2003-08-25",19
"2003-08-26","19,2"
"2003-08-27","20,4"
"2003-08-28","19,4"
"2003-08-29","19,2"
"2003-08-30","17,6"
"2003-08-31","17,7"
"2003-09-01",18
"2003-09-02","17,6"
"2003-09-03",18
"2003-09-04","17,4"
"2003-09-05","18,6"
"2003-09-06","17,6"
"2003-09-07","18,2"
"2003-09-08","17,8"
"2003-09-09",16
"2003-09-10",15
"2003-09-11","18,8"
"2003-09-12","20,4"
"2003-09-13","23,2"
"2003-09-14","20,7"
"2003-09-15","19,5"
"2003-09-16","18,8"
"2003-09-17","17,9"
"2003-09-18","14,5"
"2003-09-19","20,4"
"2003-09-20",21
"2003-09-21","20,2"
"2003-09-22","17,9"
"2003-09-23",17
"2003-09-24","18,7"
"2003-09-25","19,2"
"2003-09-26","17,7"
"2003-09-27",19
"2003-09-28","17,7"
"2003-09-29","16,2"
"2003-09-30",18
"2003-10-01","15,4"
"2003-10-02","13,6"
"2003-10-03","15,6"
"2003-10-04","16,2"
"2003-10-05","14,4"
"2003-10-06","11,8"
"2003-10-07","14,4"
"2003-10-08","16,8"
"2003-10-09","15,2"
"2003-10-10","15,9"
"2003-10-11","16,8"
"2003-10-12","14,6"
"2003-10-13","13,7"
"2003-10-14","14,5"
"2003-10-15","14,2"
"2003-10-16","16,3"
"2003-10-17","14,4"
"2003-10-18","14,3"
"2003-10-19","14,6"
"2003-10-20","12,8"
"2003-10-21","11,2"
"2003-10-22","9,2"
"2003-10-23","9,9"
"2003-10-24","9,2"
"2003-10-25","10,8"
"2003-10-26","10,2"
"2003-10-27","13,1"
"2003-10-28","9,4"
"2003-10-29",10
"2003-10-30","12,8"
"2003-10-31","11,6"
"2003-11-01","11,6"
"2003-11-02","13,3"
"2003-11-03",14
"2003-11-04","13,6"
"2003-11-05","14,1"
"2003-11-06","17,9"
"2003-11-07","18,6"
"2003-11-08","14,2"
"2003-11-09","13,2"
"2003-11-10","13,2"
"2003-11-11","12,8"
"2003-11-12","10,8"
"2003-11-13","10,2"
"2003-11-14",12
"2003-11-15","12,2"
"2003-11-16","10,8"
"2003-11-17","9,1"
"2003-11-18",9
"2003-11-19","11,6"
"2003-11-20","11,7"
"2003-11-21","11,9"
"2003-11-22","11,7"
"2003-11-23","10,4"
"2003-11-24","8,7"
"2003-11-25","8,6"
"2003-11-26",11
"2003-11-27","10,6"
"2003-11-28","12,9"
"2003-11-29",14
"2003-11-30","9,5"
"2003-12-01","6,8"
"2003-12-02",7
"2003-12-03","9,4"
"2003-12-04","6,8"
"2003-12-05","7,3"
"2003-12-06","10,2"
"2003-12-07","9,8"
"2003-12-08","12,2"
"2003-12-09","9,2"
"2003-12-10","10,8"
"2003-12-11","11,4"
"2003-12-12",13
"2003-12-13","12,8"
"2003-12-14","12,9"
"2003-12-15","11,8"
"2003-12-16","9,2"
"2003-12-17","9,2"
"2003-12-18","12,2"
"2003-12-19","13,2"
"2003-12-20",13
"2003-12-21","9,4"
"2003-12-22","6,9"
"2003-12-23","5,3"
"2003-12-24","6,3"
"2003-12-25","7,4"
"2003-12-26","9,2"
"2003-12-27","11,8"
"2003-12-28",9
"2003-12-29","9,6"
"2003-12-30","12,2"
"2003-12-31","12,7"
"2004-01-01",12
"2004-01-02","11,3"
"2004-01-03",11
"2004-01-04","10,6"
"2004-01-05","9,4"
"2004-01-06","8,1"
"2004-01-07",11
"2004-01-08","14,9"
"2004-01-09","15,5"
"2004-01-10","15,4"
"2004-01-11","15,4"
"2004-01-12","15,4"
"2004-01-13","15,2"
"2004-01-14",9
"2004-01-15","6,5"
"2004-01-16","12,4"
"2004-01-17","10,6"
"2004-01-18",9
"2004-01-19","5,8"
"2004-01-20","5,2"
"2004-01-21","5,9"
"2004-01-22","6,8"
"2004-01-23","13,2"
"2004-01-24","12,8"
"2004-01-25",13
"2004-01-26","10,6"
"2004-01-27",8
"2004-01-28","5,4"
"2004-01-29","5,2"
"2004-01-30","11,2"
"2004-01-31","13,6"
"2004-02-01","12,9"
"2004-02-02","14,7"
"2004-02-03","17,3"
"2004-02-04","18,3"
"2004-02-05","17,4"
"2004-02-06",14
"2004-02-07","8,8"
"2004-02-08","8,8"
"2004-02-09","8,4"
"2004-02-10","9,3"
"2004-02-11","10,4"
"2004-02-12","7,5"
"2004-02-13","8,8"
"2004-02-14","6,8"
"2004-02-15","9,4"
"2004-02-16","8,6"
"2004-02-17","8,1"
"2004-02-18","9,6"
"2004-02-19","7,8"
"2004-02-20","4,9"
"2004-02-21","2,6"
"2004-02-22","6,9"
"2004-02-23","7,8"
"2004-02-24","8,4"
"2004-02-25","7,8"
"2004-02-26","7,8"
"2004-02-27","6,6"
"2004-02-28","7,5"
"2004-02-29",6
"2004-03-01",5
"2004-03-02",5
"2004-03-03","8,9"
"2004-03-04","12,8"
"2004-03-05","11,8"
"2004-03-06","10,6"
"2004-03-07","8,5"
"2004-03-08","11,6"
"2004-03-09",12
"2004-03-10","12,1"
"2004-03-11","12,4"
"2004-03-12","8,8"
"2004-03-13","7,8"
"2004-03-14","10,5"
"2004-03-15","12,8"
"2004-03-16","12,1"
"2004-03-17","11,3"
"2004-03-18","11,8"
"2004-03-19","14,2"
"2004-03-20","13,6"
"2004-03-21","11,2"
"2004-03-22","10,1"
"2004-03-23","9,6"
"2004-03-24","9,3"
"2004-03-25",7
"2004-03-26","8,4"
"2004-03-27","9,6"
"2004-03-28","8,8"
"2004-03-29","9,4"
"2004-03-30","12,5"
"2004-03-31","12,2"
"2004-04-01","10,4"
"2004-04-02","10,4"
"2004-04-03","12,7"
"2004-04-04","14,6"
"2004-04-05","11,8"
"2004-04-06","10,2"
"2004-04-07","10,6"
"2004-04-08","9,8"
"2004-04-09","7,8"
"2004-04-10","7,4"
"2004-04-11","7,8"
"2004-04-12","11,8"
"2004-04-13","10,9"
"2004-04-14","10,6"
"2004-04-15","9,8"
"2004-04-16","9,8"
"2004-04-17","9,2"
"2004-04-18","10,5"
"2004-04-19","10,6"
"2004-04-20","15,4"
"2004-04-21","13,5"
"2004-04-22","11,7"
"2004-04-23","12,5"
"2004-04-24","14,6"
"2004-04-25","15,4"
"2004-04-26","14,6"
"2004-04-27",14
"2004-04-28","12,7"
"2004-04-29","11,4"
"2004-04-30",10
"2004-05-01","9,2"
"2004-05-02",12
"2004-05-03","11,3"
"2004-05-04","11,6"
"2004-05-05","10,2"
"2004-05-06",11
"2004-05-07","10,2"
"2004-05-08","9,6"
"2004-05-09","10,8"
"2004-05-10",11
"2004-05-11","12,7"
"2004-05-12","13,8"
"2004-05-13","14,2"
"2004-05-14",14
"2004-05-15","14,9"
"2004-05-16","17,3"
"2004-05-17","17,5"
"2004-05-18","19,3"
"2004-05-19",20
"2004-05-20","19,1"
"2004-05-21","18,7"
"2004-05-22","18,2"
"2004-05-23","17,6"
"2004-05-24","15,7"
"2004-05-25",17
"2004-05-26","14,4"
"2004-05-27","14,4"
"2004-05-28","17,8"
"2004-05-29","15,2"
"2004-05-30","14,6"
"2004-05-31",17
"2004-06-01","15,7"
"2004-06-02","18,1"
"2004-06-03","19,2"
"2004-06-04","21,1"
"2004-06-05","18,6"
"2004-06-06","16,4"
"2004-06-07","16,6"
"2004-06-08",17
"2004-06-09","17,4"
"2004-06-10","18,8"
"2004-06-11","18,2"
"2004-06-12","20,2"
"2004-06-13",21
"2004-06-14","21,5"
"2004-06-15","22,3"
"2004-06-16","20,8"
"2004-06-17","21,3"
"2004-06-18",17
"2004-06-19","16,8"
"2004-06-20","16,4"
"2004-06-21","19,2"
"2004-06-22","20,4"
"2004-06-23","19,9"
"2004-06-24","19,6"
"2004-06-25","20,4"
"2004-06-26",21
"2004-06-27","18,4"
"2004-06-28","19,3"
"2004-06-29","20,4"
"2004-06-30",19
"2004-07-01","17,6"
"2004-07-02",17
"2004-07-03","16,9"
"2004-07-04","17,5"
"2004-07-05","17,6"
"2004-07-06","16,2"
"2004-07-07","15,5"
"2004-07-08","16,4"
"2004-07-09",16
"2004-07-10","18,6"
"2004-07-11","16,7"
"2004-07-12","15,4"
"2004-07-13","16,9"
"2004-07-14","20,8"
"2004-07-15","21,2"
"2004-07-16","19,6"
"2004-07-17","20,4"
"2004-07-18","19,8"
"2004-07-19","18,1"
"2004-07-20","19,6"
"2004-07-21",17
"2004-07-22","19,4"
"2004-07-23","21,4"
"2004-07-24",22
"2004-07-25","22,8"
"2004-07-26","21,3"
"2004-07-27",21
"2004-07-28","19,4"
"2004-07-29","19,8"
"2004-07-30","21,3"
"2004-07-31",22
"2004-08-01","21,8"
"2004-08-02","22,4"
"2004-08-03",21
"2004-08-04","18,9"
"2004-08-05","19,4"
"2004-08-06","19,6"
"2004-08-07","21,5"
"2004-08-08","20,2"
"2004-08-09","19,6"
"2004-08-10","19,5"
"2004-08-11","20,4"
"2004-08-12","19,8"
"2004-08-13","20,4"
"2004-08-14","22,4"
"2004-08-15","20,6"
"2004-08-16","22,1"
"2004-08-17","20,6"
"2004-08-18","19,9"
"2004-08-19",19
"2004-08-20","18,1"
"2004-08-21",17
"2004-08-22",18
"2004-08-23","19,2"
"2004-08-24","17,8"
"2004-08-25","18,3"
"2004-08-26","18,4"
"2004-08-27","15,5"
"2004-08-28","17,8"
"2004-08-29","18,8"
"2004-08-30","19,2"
"2004-08-31","18,4"
"2004-09-01","18,9"
"2004-09-02","18,2"
"2004-09-03","21,6"
"2004-09-04",22
"2004-09-05","20,2"
"2004-09-06","20,1"
"2004-09-07","20,4"
"2004-09-08","19,6"
"2004-09-09","19,8"
"2004-09-10","20,4"
"2004-09-11",19
"2004-09-12","17,4"
"2004-09-13","18,2"
"2004-09-14","16,4"
"2004-09-15","15,4"
"2004-09-16","17,3"
"2004-09-17","18,2"
"2004-09-18","17,7"
"2004-09-19","17,6"
"2004-09-20","16,2"
"2004-09-21",16
"2004-09-22","18,4"
"2004-09-23","16,8"
"2004-09-24",16
"2004-09-25","18,4"
"2004-09-26","18,1"
"2004-09-27","18,1"
"2004-09-28","20,4"
"2004-09-29",16
"2004-09-30","16,6"
"2004-10-01","15,2"
"2004-10-02","15,2"
"2004-10-03","15,3"
"2004-10-04",16
"2004-10-05","13,8"
"2004-10-06",13
"2004-10-07","14,8"
"2004-10-08","18,9"
"2004-10-09","14,4"
"2004-10-10","15,3"
"2004-10-11","14,7"
"2004-10-12","14,6"
"2004-10-13","14,7"
"2004-10-14",14
"2004-10-15","14,2"
"2004-10-16","13,9"
"2004-10-17","15,2"
"2004-10-18","13,6"
"2004-10-19","16,5"
"2004-10-20","15,4"
"2004-10-21","13,5"
"2004-10-22","14,2"
"2004-10-23","19,4"
"2004-10-24","16,1"
"2004-10-25","13,6"
"2004-10-26","11,3"
"2004-10-27","14,2"
"2004-10-28",13
"2004-10-29","13,2"
"2004-10-30","12,9"
"2004-10-31","14,2"
"2004-11-01","11,2"
"2004-11-02","10,2"
"2004-11-03","12,4"
"2004-11-04","11,1"
"2004-11-05","13,5"
"2004-11-06","13,4"
"2004-11-07","11,2"
"2004-11-08",13
"2004-11-09",13
"2004-11-10",12
"2004-11-11","11,6"
"2004-11-12","11,2"
"2004-11-13","9,2"
"2004-11-14","10,5"
"2004-11-15","10,1"
"2004-11-16","9,2"
"2004-11-17","7,1"
"2004-11-18","6,2"
"2004-11-19","11,6"
"2004-11-20","11,5"
"2004-11-21","9,2"
"2004-11-22","9,3"
"2004-11-23",8
"2004-11-24",8
"2004-11-25","10,4"
"2004-11-26","11,9"
"2004-11-27","10,3"
"2004-11-28","12,5"
"2004-11-29","9,6"
"2004-11-30","8,5"
"2004-12-01","10,5"
"2004-12-02","9,4"
"2004-12-03","8,3"
"2004-12-04","8,6"
"2004-12-05","9,5"
"2004-12-06",6
"2004-12-07","5,8"
"2004-12-08","9,2"
"2004-12-09",8
"2004-12-10","8,6"
"2004-12-11","8,5"
"2004-12-12","10,5"
"2004-12-13","10,5"
"2004-12-14","9,8"
"2004-12-15","8,2"
"2004-12-16","9,7"
"2004-12-17","9,8"
"2004-12-18","12,7"
"2004-12-19",12
"2004-12-20","10,4"
"2004-12-21","8,7"
"2004-12-22","6,8"
"2004-12-23","9,3"
"2004-12-24",10
"2004-12-25","7,7"
"2004-12-26","7,6"
"2004-12-27",9
"2004-12-28","10,8"
"2004-12-29",9
"2004-12-30","7,4"
"2004-12-31","6,8"
"2005-01-01","10,8"
"2005-01-02","10,8"
"2005-01-03","7,6"
"2005-01-04","6,7"
"2005-01-05","9,4"
"2005-01-06","12,2"
"2005-01-07","9,6"
"2005-01-08","11,4"
"2005-01-09","12,2"
"2005-01-10","11,4"
"2005-01-11","12,4"
"2005-01-12","12,4"
"2005-01-13","13,8"
"2005-01-14",14
"2005-01-15","12,2"
"2005-01-16",12
"2005-01-17",9
"2005-01-18","10,6"
"2005-01-19","11,7"
"2005-01-20","11,7"
"2005-01-21",11
"2005-01-22",10
"2005-01-23","7,6"
"2005-01-24","8,6"
"2005-01-25","6,9"
"2005-01-26","6,8"
"2005-01-27","6,4"
"2005-01-28","7,2"
"2005-01-29","8,8"
"2005-01-30","7,9"
"2005-01-31","8,8"
"2005-02-01","10,6"
"2005-02-02","10,2"
"2005-02-03","5,7"
"2005-02-04","5,4"
"2005-02-05","6,2"
"2005-02-06","4,9"
"2005-02-07","5,6"
"2005-02-08","5,9"
"2005-02-09","6,4"
"2005-02-10","7,5"
"2005-02-11","9,2"
"2005-02-12","10,5"
"2005-02-13","10,3"
"2005-02-14","9,7"
"2005-02-15","8,7"
"2005-02-16","6,3"
"2005-02-17",8
"2005-02-18",7
"2005-02-19","8,4"
"2005-02-20","9,2"
"2005-02-21","6,2"
"2005-02-22",7
"2005-02-23",4
"2005-02-24",4
"2005-02-25",4
"2005-02-26","4,5"
"2005-02-27","5,6"
"2005-02-28","4,7"
"2005-03-01","4,2"
"2005-03-02",3
"2005-03-03","6,1"
"2005-03-04","3,7"
"2005-03-05","7,2"
"2005-03-06","7,1"
"2005-03-07","6,8"
"2005-03-08","6,2"
"2005-03-09","7,2"
"2005-03-10","8,1"
"2005-03-11","8,8"
"2005-03-12","10,4"
"2005-03-13","10,8"
"2005-03-14","13,2"
"2005-03-15","14,8"
"2005-03-16","15,4"
"2005-03-17",14
"2005-03-18","18,8"
"2005-03-19","16,8"
"2005-03-20","15,9"
"2005-03-21","14,8"
"2005-03-22","14,3"
"2005-03-23","14,6"
"2005-03-24","15,2"
"2005-03-25","14,6"
"2005-03-26","12,8"
"2005-03-27","13,8"
"2005-03-28","14,4"
"2005-03-29","13,8"
"2005-03-30",15
"2005-03-31","16,8"
"2005-04-01","16,8"
"2005-04-02",15
"2005-04-03","15,1"
"2005-04-04","13,1"
"2005-04-05","14,9"
"2005-04-06","13,8"
"2005-04-07",12
"2005-04-08","10,2"
"2005-04-09","9,8"
"2005-04-10","7,7"
"2005-04-11","11,2"
"2005-04-12","12,4"
"2005-04-13","8,8"
"2005-04-14","10,2"
"2005-04-15","9,6"
"2005-04-16","10,2"
"2005-04-17","13,8"
"2005-04-18","11,8"
"2005-04-19","12,2"
"2005-04-20","12,6"
"2005-04-21","15,6"
"2005-04-22","15,4"
"2005-04-23",14
"2005-04-24","12,6"
"2005-04-25",14
"2005-04-26","13,7"
"2005-04-27","13,4"
"2005-04-28","16,4"
"2005-04-29","13,8"
"2005-04-30","14,6"
"2005-05-01",18
"2005-05-02","16,2"
"2005-05-03",15
"2005-05-04",13
"2005-05-05","14,4"
"2005-05-06","15,4"
"2005-05-07","16,2"
"2005-05-08","15,2"
"2005-05-09","15,7"
"2005-05-10","14,6"
"2005-05-11","14,6"
"2005-05-12",15
"2005-05-13","14,9"
"2005-05-14","13,7"
"2005-05-15",12
"2005-05-16","13,1"
"2005-05-17",13
"2005-05-18","13,2"
"2005-05-19","16,2"
"2005-05-20",17
"2005-05-21",15
"2005-05-22",14
"2005-05-23","13,2"
"2005-05-24","14,4"
"2005-05-25","16,1"
"2005-05-26","16,6"
"2005-05-27","17,2"
"2005-05-28","14,4"
"2005-05-29","14,4"
"2005-05-30","12,8"
"2005-05-31","15,4"
"2005-06-01","17,2"
"2005-06-02","15,9"
"2005-06-03",15
"2005-06-04",14
"2005-06-05","15,4"
"2005-06-06","17,6"
"2005-06-07","20,7"
"2005-06-08","23,1"
"2005-06-09","22,8"
"2005-06-10","20,2"
"2005-06-11","16,2"
"2005-06-12","17,8"
"2005-06-13","15,9"
"2005-06-14","17,4"
"2005-06-15","20,2"
"2005-06-16","20,2"
"2005-06-17","23,6"
"2005-06-18","20,2"
"2005-06-19","18,8"
"2005-06-20",20
"2005-06-21","20,4"
"2005-06-22","22,2"
"2005-06-23",22
"2005-06-24","19,4"
"2005-06-25","18,9"
"2005-06-26","19,8"
"2005-06-27",20
"2005-06-28","19,2"
"2005-06-29","19,4"
"2005-06-30","17,2"
"2005-07-01","18,4"
"2005-07-02",20
"2005-07-03","18,2"
"2005-07-04","16,8"
"2005-07-05","18,2"
"2005-07-06","17,8"
"2005-07-07","18,8"
"2005-07-08","19,2"
"2005-07-09","21,2"
"2005-07-10","22,7"
"2005-07-11","24,6"
"2005-07-12","24,6"
"2005-07-13","24,2"
"2005-07-14","18,6"
"2005-07-15","19,4"
"2005-07-16","19,1"
"2005-07-17","18,4"
"2005-07-18","19,5"
"2005-07-19","21,2"
"2005-07-20","22,8"
"2005-07-21","22,4"
"2005-07-22","19,6"
"2005-07-23","21,2"
"2005-07-24","18,5"
"2005-07-25","20,3"
"2005-07-26",22
"2005-07-27","21,2"
"2005-07-28",18
"2005-07-29","17,6"
"2005-07-30","17,1"
"2005-07-31","15,6"
"2005-08-01","16,6"
"2005-08-02","17,8"
"2005-08-03","18,6"
"2005-08-04",22
"2005-08-05",21
"2005-08-06","21,6"
"2005-08-07","22,6"
"2005-08-08",18
"2005-08-09","20,4"
"2005-08-10","19,2"
"2005-08-11","20,2"
"2005-08-12","20,6"
"2005-08-13","21,1"
"2005-08-14","20,1"
"2005-08-15","21,3"
"2005-08-16","20,7"
"2005-08-17","18,7"
"2005-08-18","19,7"
"2005-08-19","17,6"
"2005-08-20",17
"2005-08-21","16,8"
"2005-08-22","16,8"
"2005-08-23","20,2"
"2005-08-24","15,8"
"2005-08-25","18,4"
"2005-08-26",18
"2005-08-27","18,4"
"2005-08-28","19,8"
"2005-08-29",23
"2005-08-30","18,5"
"2005-08-31","19,6"
"2005-09-01","19,2"
"2005-09-02","19,2"
"2005-09-03","19,4"
"2005-09-04","20,1"
"2005-09-05","18,8"
"2005-09-06","18,6"
"2005-09-07","18,4"
"2005-09-08",17
"2005-09-09","18,4"
"2005-09-10","17,4"
"2005-09-11","18,4"
"2005-09-12",18
"2005-09-13","18,3"
"2005-09-14","19,6"
"2005-09-15",20
"2005-09-16","17,6"
"2005-09-17","16,8"
"2005-09-18","15,4"
"2005-09-19","14,2"
"2005-09-20","15,4"
"2005-09-21","15,1"
"2005-09-22","14,3"
"2005-09-23",16
"2005-09-24","17,4"
"2005-09-25","16,3"
"2005-09-26","14,4"
"2005-09-27","14,6"
"2005-09-28",16
"2005-09-29",15
"2005-09-30",17
"2005-10-01","15,6"
"2005-10-02","15,8"
"2005-10-03","17,8"
"2005-10-04",16
"2005-10-05","14,6"
"2005-10-06","15,2"
"2005-10-07","13,8"
"2005-10-08",15
"2005-10-09","19,2"
"2005-10-10","19,7"
"2005-10-11","20,6"
"2005-10-12","15,4"
"2005-10-13","14,4"
"2005-10-14","14,4"
"2005-10-15","15,4"
"2005-10-16","15,3"
"2005-10-17","16,4"
"2005-10-18","13,8"
"2005-10-19","13,6"
"2005-10-20","14,6"
"2005-10-21",18
"2005-10-22","16,2"
"2005-10-23","15,8"
"2005-10-24","16,9"
"2005-10-25","18,3"
"2005-10-26","20,6"
"2005-10-27","16,9"
"2005-10-28","16,1"
"2005-10-29",18
"2005-10-30","14,8"
"2005-10-31","14,1"
"2005-11-01","14,6"
"2005-11-02","17,6"
"2005-11-03","13,3"
"2005-11-04",12
"2005-11-05","12,4"
"2005-11-06",13
"2005-11-07","14,6"
"2005-11-08","12,8"
"2005-11-09","11,6"
"2005-11-10","12,3"
"2005-11-11","10,4"
"2005-11-12","9,6"
"2005-11-13",9
"2005-11-14","14,9"
"2005-11-15","11,8"
"2005-11-16","11,7"
"2005-11-17","12,2"
"2005-11-18",12
"2005-11-19",12
"2005-11-20","13,5"
"2005-11-21",15
"2005-11-22","12,5"
"2005-11-23","9,8"
"2005-11-24","10,2"
"2005-11-25",8
"2005-11-26","5,8"
"2005-11-27","7,9"
"2005-11-28","8,2"
"2005-11-29","6,7"
"2005-11-30","7,4"
"2005-12-01","11,2"
"2005-12-02","10,2"
"2005-12-03",11
"2005-12-04","11,8"
"2005-12-05","9,6"
"2005-12-06","9,5"
"2005-12-07","11,7"
"2005-12-08","11,7"
"2005-12-09","10,8"
"2005-12-10","8,8"
"2005-12-11","6,1"
"2005-12-12",7
"2005-12-13","10,3"
"2005-12-14","9,8"
"2005-12-15",10
"2005-12-16","8,6"
"2005-12-17",11
"2005-12-18","8,4"
"2005-12-19","6,5"
"2005-12-20","6,5"
"2005-12-21","7,6"
"2005-12-22","7,2"
"2005-12-23","6,2"
"2005-12-24","5,8"
"2005-12-25","8,2"
"2005-12-26","7,4"
"2005-12-27","6,8"
"2005-12-28","5,6"
"2005-12-29","11,2"
"2005-12-30","13,4"
"2005-12-31",11
"2006-01-01","10,6"
"2006-01-02","11,2"
"2006-01-03","9,8"
"2006-01-04","6,6"
"2006-01-05","10,6"
"2006-01-06","9,9"
"2006-01-07","6,6"
"2006-01-08","6,2"
"2006-01-09","6,6"
"2006-01-10","6,2"
"2006-01-11","8,1"
"2006-01-12","7,2"
"2006-01-13","9,4"
"2006-01-14","8,5"
"2006-01-15","9,8"
"2006-01-16","8,2"
"2006-01-17","9,6"
"2006-01-18",12
"2006-01-19","10,4"
"2006-01-20","8,8"
"2006-01-21","7,5"
"2006-01-22","6,8"
"2006-01-23",7
"2006-01-24","7,3"
"2006-01-25","9,9"
"2006-01-26","7,3"
"2006-01-27","7,5"
"2006-01-28","4,3"
"2006-01-29","4,2"
"2006-01-30","7,8"
"2006-01-31","6,6"
"2006-02-01","5,6"
"2006-02-02","9,4"
"2006-02-03","7,4"
"2006-02-04",8
"2006-02-05","5,9"
"2006-02-06","7,6"
"2006-02-07","8,1"
"2006-02-08","5,9"
"2006-02-09","6,4"
"2006-02-10","6,8"
"2006-02-11",7
"2006-02-12","7,1"
"2006-02-13","7,8"
"2006-02-14","10,8"
"2006-02-15","11,6"
"2006-02-16",12
"2006-02-17","10,4"
"2006-02-18","8,7"
"2006-02-19","8,8"
"2006-02-20","8,4"
"2006-02-21","5,6"
"2006-02-22","4,4"
"2006-02-23","4,5"
"2006-02-24","4,3"
"2006-02-25","6,7"
"2006-02-26","7,2"
"2006-02-27","6,7"
"2006-02-28","4,6"
"2006-03-01","5,4"
"2006-03-02","8,6"
"2006-03-03","13,4"
"2006-03-04","9,3"
"2006-03-05","7,5"
"2006-03-06",7
"2006-03-07","12,2"
"2006-03-08","13,6"
"2006-03-09","11,4"
"2006-03-10",11
"2006-03-11","12,6"
"2006-03-12","14,8"
"2006-03-13","10,8"
"2006-03-14","13,2"
"2006-03-15","11,7"
"2006-03-16","12,1"
"2006-03-17","11,4"
"2006-03-18","13,4"
"2006-03-19","11,3"
"2006-03-20","11,6"
"2006-03-21","12,1"
"2006-03-22","11,4"
"2006-03-23","14,1"
"2006-03-24","14,6"
"2006-03-25",15
"2006-03-26",17
"2006-03-27","13,2"
"2006-03-28","12,2"
"2006-03-29","13,6"
"2006-03-30",15
"2006-03-31","15,1"
"2006-04-01","15,4"
"2006-04-02","13,5"
"2006-04-03",14
"2006-04-04","16,3"
"2006-04-05","15,4"
"2006-04-06","12,8"
"2006-04-07","13,5"
"2006-04-08","13,2"
"2006-04-09","12,6"
"2006-04-10","10,6"
"2006-04-11","8,8"
"2006-04-12",9
"2006-04-13",11
"2006-04-14","16,2"
"2006-04-15","13,4"
"2006-04-16","11,5"
"2006-04-17","11,6"
"2006-04-18","11,8"
"2006-04-19",11
"2006-04-20","13,4"
"2006-04-21",12
"2006-04-22","13,6"
"2006-04-23","12,2"
"2006-04-24",14
"2006-04-25","13,8"
"2006-04-26","12,6"
"2006-04-27","15,7"
"2006-04-28",15
"2006-04-29","15,2"
"2006-04-30","12,5"
"2006-05-01",10
"2006-05-02","13,5"
"2006-05-03","12,9"
"2006-05-04","14,6"
"2006-05-05","13,5"
"2006-05-06","12,8"
"2006-05-07","11,6"
"2006-05-08","11,2"
"2006-05-09","12,8"
"2006-05-10","15,8"
"2006-05-11","15,6"
"2006-05-12","13,8"
"2006-05-13","13,2"
"2006-05-14","16,8"
"2006-05-15","19,2"
"2006-05-16","20,1"
"2006-05-17","18,6"
"2006-05-18","16,2"
"2006-05-19",16
"2006-05-20",17
"2006-05-21","15,6"
"2006-05-22","11,6"
"2006-05-23",11
"2006-05-24","11,7"
"2006-05-25","14,7"
"2006-05-26","18,2"
"2006-05-27","19,8"
"2006-05-28","20,2"
"2006-05-29","18,4"
"2006-05-30",16
"2006-05-31","15,8"
"2006-06-01",18
"2006-06-02","18,8"
"2006-06-03","19,4"
"2006-06-04","20,7"
"2006-06-05",22
"2006-06-06","22,8"
"2006-06-07","20,9"
"2006-06-08","17,1"
"2006-06-09","20,6"
"2006-06-10",19
"2006-06-11","18,2"
"2006-06-12","16,8"
"2006-06-13",19
"2006-06-14","19,4"
"2006-06-15","20,5"
"2006-06-16","17,9"
"2006-06-17","15,6"
"2006-06-18",17
"2006-06-19","15,8"
"2006-06-20","15,8"
"2006-06-21","15,4"
"2006-06-22","16,8"
"2006-06-23","15,8"
"2006-06-24","17,9"
"2006-06-25","16,8"
"2006-06-26","17,1"
"2006-06-27","15,3"
"2006-06-28","15,9"
"2006-06-29","18,6"
"2006-06-30",20
"2006-07-01",19
"2006-07-02","17,9"
"2006-07-03","18,9"
"2006-07-04","18,4"
"2006-07-05",17
"2006-07-06","16,3"
"2006-07-07",18
"2006-07-08","18,4"
"2006-07-09","19,4"
"2006-07-10","20,6"
"2006-07-11",21
"2006-07-12",22
"2006-07-13","23,3"
"2006-07-14","24,2"
"2006-07-15","25,6"
"2006-07-16","24,4"
"2006-07-17","27,3"
"2006-07-18","21,6"
"2006-07-19","22,1"
"2006-07-20",20
"2006-07-21","18,5"
"2006-07-22","19,8"
"2006-07-23","22,2"
"2006-07-24",21
"2006-07-25","19,6"
"2006-07-26","20,3"
"2006-07-27","20,2"
"2006-07-28","19,2"
"2006-07-29",21
"2006-07-30",21
"2006-07-31","20,4"
"2006-08-01","20,6"
"2006-08-02","18,8"
"2006-08-03","20,3"
"2006-08-04","21,4"
"2006-08-05",22
"2006-08-06","21,2"
"2006-08-07","22,2"
"2006-08-08","22,6"
"2006-08-09","23,1"
"2006-08-10","22,7"
"2006-08-11","20,7"
"2006-08-12","19,6"
"2006-08-13","19,2"
"2006-08-14","17,6"
"2006-08-15","17,6"
"2006-08-16","17,2"
"2006-08-17","17,5"
"2006-08-18","17,8"
"2006-08-19","17,8"
"2006-08-20","16,8"
"2006-08-21",19
"2006-08-22","19,4"
"2006-08-23","19,8"
"2006-08-24","19,9"
"2006-08-25","21,4"
"2006-08-26","20,6"
"2006-08-27","20,1"
"2006-08-28",20
"2006-08-29","19,2"
"2006-08-30","21,4"
"2006-08-31","21,8"
"2006-09-01","20,2"
"2006-09-02","20,2"
"2006-09-03","20,2"
"2006-09-04","22,9"
"2006-09-05",24
"2006-09-06","20,2"
"2006-09-07","22,4"
"2006-09-08","23,2"
"2006-09-09",22
"2006-09-10","20,9"
"2006-09-11","19,8"
"2006-09-12","18,6"
"2006-09-13","17,8"
"2006-09-14",17
"2006-09-15","15,7"
"2006-09-16","15,4"
"2006-09-17","19,4"
"2006-09-18","18,8"
"2006-09-19","19,4"
"2006-09-20",0
"2006-09-21",0
"2006-09-22","17,3"
"2006-09-23","16,2"
"2006-09-24","16,4"
"2006-09-25","17,8"
"2006-09-26","19,1"
"2006-09-27","18,6"
"2006-09-28","20,6"
"2006-09-29","18,3"
"2006-09-30","18,2"
"2006-10-01","18,9"
"2006-10-02","14,7"
"2006-10-03",16
"2006-10-04",16
"2006-10-05",16
"2006-10-06","16,8"
"2006-10-07",17
"2006-10-08","20,2"
"2006-10-09",19
"2006-10-10","17,2"
"2006-10-11","14,2"
"2006-10-12","13,7"
"2006-10-13","16,4"
"2006-10-14","17,3"
"2006-10-15","17,3"
"2006-10-16","17,4"
"2006-10-17",18
"2006-10-18","16,4"
"2006-10-19",15
"2006-10-20",18
"2006-10-21","16,8"
"2006-10-22","17,4"
"2006-10-23","15,6"
"2006-10-24","14,8"
"2006-10-25","18,1"
"2006-10-26","18,6"
"2006-10-27","17,6"
"2006-10-28","17,7"
"2006-10-29","20,6"
"2006-10-30","19,4"
"2006-10-31","17,6"
"2006-11-01","16,5"
"2006-11-02","15,7"
"2006-11-03",13
"2006-11-04","15,8"
"2006-11-05","17,6"
"2006-11-06",19
"2006-11-07","16,6"
"2006-11-08","14,8"
"2006-11-09","16,8"
"2006-11-10","17,7"
"2006-11-11","16,3"
"2006-11-12","14,8"
"2006-11-13","14,2"
"2006-11-14","12,8"
"2006-11-15","15,8"
"2006-11-16","11,9"
"2006-11-17","12,5"
"2006-11-18","13,2"
"2006-11-19","12,2"
"2006-11-20","11,8"
"2006-11-21","15,2"
"2006-11-22",15
"2006-11-23","14,4"
"2006-11-24","13,6"
"2006-11-25","10,8"
"2006-11-26","12,4"
"2006-11-27","14,6"
"2006-11-28","10,9"
"2006-11-29","9,7"
"2006-11-30","11,8"
"2006-12-01","13,4"
"2006-12-02","10,4"
"2006-12-03","13,4"
"2006-12-04","16,3"
"2006-12-05","12,5"
"2006-12-06","10,6"
"2006-12-07","14,9"
"2006-12-08","10,6"
"2006-12-09",8
"2006-12-10",8
"2006-12-11",9
"2006-12-12","8,6"
"2006-12-13","9,1"
"2006-12-14","9,5"
"2006-12-15","8,7"
"2006-12-16","7,9"
"2006-12-17","10,2"
"2006-12-18","8,2"
"2006-12-19","7,3"
"2006-12-20","6,4"
"2006-12-21","7,8"
"2006-12-22","7,5"
"2006-12-23","5,8"
"2006-12-24","6,4"
"2006-12-25","6,6"
"2006-12-26","7,7"
"2006-12-27",9
"2006-12-28","12,2"
"2006-12-29","13,2"
"2006-12-30","14,7"
"2006-12-31","15,6"
"2007-01-01",12
"2007-01-02","8,4"
"2007-01-03","7,8"
"2007-01-04",13
"2007-01-05","15,2"
"2007-01-06","12,7"
"2007-01-07","12,2"
"2007-01-08","13,9"
"2007-01-09","13,7"
"2007-01-10","12,1"
"2007-01-11","11,3"
"2007-01-12","8,8"
"2007-01-13","7,9"
"2007-01-14",7
"2007-01-15","8,7"
"2007-01-16","12,4"
"2007-01-17","14,2"
"2007-01-18",16
"2007-01-19","13,4"
"2007-01-20","12,6"
"2007-01-21","8,7"
"2007-01-22",6
"2007-01-23","4,6"
"2007-01-24","5,2"
"2007-01-25","6,1"
"2007-01-26","6,4"
"2007-01-27","7,9"
"2007-01-28","7,2"
"2007-01-29","4,8"
"2007-01-30","7,8"
"2007-01-31","8,4"
"2007-02-01","6,7"
"2007-02-02","7,3"
"2007-02-03","6,4"
"2007-02-04","7,7"
"2007-02-05","9,6"
"2007-02-06",8
"2007-02-07","11,8"
"2007-02-08","12,3"
"2007-02-09","11,4"
"2007-02-10","12,8"
"2007-02-11","14,6"
"2007-02-12","9,7"
"2007-02-13",10
"2007-02-14","12,6"
"2007-02-15","11,8"
"2007-02-16","12,6"
"2007-02-17","9,5"
"2007-02-18","10,5"
"2007-02-19","10,6"
"2007-02-20","8,7"
"2007-02-21","9,2"
"2007-02-22","12,9"
"2007-02-23","12,8"
"2007-02-24","13,9"
"2007-02-25","11,2"
"2007-02-26","10,8"
"2007-02-27",13
"2007-02-28","13,6"
"2007-03-01","13,6"
"2007-03-02",15
"2007-03-03","15,7"
"2007-03-04","11,5"
"2007-03-05","10,3"
"2007-03-06","14,4"
"2007-03-07","12,2"
"2007-03-08","12,2"
"2007-03-09","11,8"
"2007-03-10","12,6"
"2007-03-11","15,1"
"2007-03-12","11,6"
"2007-03-13","12,6"
"2007-03-14",12
"2007-03-15",11
"2007-03-16","13,3"
"2007-03-17","12,6"
"2007-03-18",9
"2007-03-19","8,2"
"2007-03-20","7,9"
"2007-03-21","8,3"
"2007-03-22","9,4"
"2007-03-23",11
"2007-03-24","10,4"
"2007-03-25","8,2"
"2007-03-26","8,2"
"2007-03-27","10,2"
"2007-03-28","9,9"
"2007-03-29","9,6"
"2007-03-30","10,4"
"2007-03-31",8
"2007-04-01","7,8"
"2007-04-02",10
"2007-04-03","10,1"
"2007-04-04","11,6"
"2007-04-05",9
"2007-04-06","10,2"
"2007-04-07",12
"2007-04-08","12,6"
"2007-04-09",13
"2007-04-10","12,7"
"2007-04-11","13,6"
"2007-04-12","11,6"
"2007-04-13","12,8"
"2007-04-14","12,5"
"2007-04-15","12,2"
"2007-04-16","14,6"
"2007-04-17","15,6"
"2007-04-18","16,6"
"2007-04-19","16,7"
"2007-04-20","16,8"
"2007-04-21","14,3"
"2007-04-22","14,6"
"2007-04-23","16,4"
"2007-04-24","15,6"
"2007-04-25","12,4"
"2007-04-26","13,4"
"2007-04-27","13,8"
"2007-04-28","14,2"
"2007-04-29",15
"2007-04-30","10,2"
"2007-05-01","9,8"
"2007-05-02",14
"2007-05-03","11,2"
"2007-05-04","14,3"
"2007-05-05","12,4"
"2007-05-06","13,8"
"2007-05-07","15,7"
"2007-05-08","15,2"
"2007-05-09","14,6"
"2007-05-10","15,2"
"2007-05-11","16,4"
"2007-05-12","16,5"
"2007-05-13","13,6"
"2007-05-14","12,8"
"2007-05-15","12,7"
"2007-05-16","14,9"
"2007-05-17",15
"2007-05-18",15
"2007-05-19","13,4"
"2007-05-20","11,6"
"2007-05-21","11,4"
"2007-05-22","16,4"
"2007-05-23","17,9"
"2007-05-24","18,7"
"2007-05-25","14,4"
"2007-05-26","13,1"
"2007-05-27","13,2"
"2007-05-28",14
"2007-05-29","15,8"
"2007-05-30","15,9"
"2007-05-31","14,8"
"2007-06-01","15,6"
"2007-06-02","15,6"
"2007-06-03","16,6"
"2007-06-04",17
"2007-06-05","18,7"
"2007-06-06","18,9"
"2007-06-07","17,3"
"2007-06-08","17,5"
"2007-06-09","18,4"
"2007-06-10",19
"2007-06-11","19,1"
"2007-06-12","17,9"
"2007-06-13","16,4"
"2007-06-14","17,9"
"2007-06-15","17,2"
"2007-06-16","16,5"
"2007-06-17","18,9"
"2007-06-18",18
"2007-06-19","16,9"
"2007-06-20","16,8"
"2007-06-21","16,8"
"2007-06-22","16,2"
"2007-06-23","15,5"
"2007-06-24","16,4"
"2007-06-25","15,6"
"2007-06-26","15,6"
"2007-06-27",14
"2007-06-28","14,4"
"2007-06-29",16
"2007-06-30","18,2"
"2007-07-01",18
"2007-07-02",19
"2007-07-03","16,8"
"2007-07-04","16,2"
"2007-07-05","16,4"
"2007-07-06",19
"2007-07-07","18,4"
"2007-07-08","16,8"
"2007-07-09",16
"2007-07-10","18,1"
"2007-07-11","18,5"
"2007-07-12","18,4"
"2007-07-13","20,6"
"2007-07-14","20,1"
"2007-07-15","19,7"
"2007-07-16",19
"2007-07-17","17,2"
"2007-07-18","15,9"
"2007-07-19","15,8"
"2007-07-20","15,7"
"2007-07-21","15,2"
"2007-07-22","14,6"
"2007-07-23","17,4"
"2007-07-24","17,7"
"2007-07-25","18,2"
"2007-07-26","19,7"
"2007-07-27","19,4"
"2007-07-28","21,4"
"2007-07-29","21,8"
"2007-07-30","22,3"
"2007-07-31","21,2"
"2007-08-01","19,9"
"2007-08-02","19,2"
"2007-08-03",20
"2007-08-04","21,2"
"2007-08-05","19,4"
"2007-08-06","17,8"
"2007-08-07","16,7"
"2007-08-08","16,4"
"2007-08-09","17,8"
"2007-08-10","19,8"
"2007-08-11","18,5"
"2007-08-12","18,4"
"2007-08-13","17,4"
"2007-08-14","20,7"
"2007-08-15","18,4"
"2007-08-16","16,8"
"2007-08-17",15
"2007-08-18","16,2"
"2007-08-19","17,3"
"2007-08-20","15,2"
"2007-08-21","16,8"
"2007-08-22","16,7"
"2007-08-23","16,5"
"2007-08-24","20,6"
"2007-08-25","20,4"
"2007-08-26","23,4"
"2007-08-27","22,8"
"2007-08-28","21,1"
"2007-08-29","18,8"
"2007-08-30","18,8"
"2007-08-31","19,3"
"2007-09-01","19,4"
"2007-09-02","18,7"
"2007-09-03","20,2"
"2007-09-04","20,4"
"2007-09-05","20,6"
"2007-09-06","20,1"
"2007-09-07","21,8"
"2007-09-08","20,6"
"2007-09-09",19
"2007-09-10","20,2"
"2007-09-11","17,8"
"2007-09-12","19,6"
"2007-09-13","17,4"
"2007-09-14","16,1"
"2007-09-15","18,2"
"2007-09-16","18,2"
"2007-09-17","17,2"
"2007-09-18","16,2"
"2007-09-19","15,4"
"2007-09-20","15,1"
"2007-09-21","14,8"
"2007-09-22","15,2"
"2007-09-23","15,8"
"2007-09-24","13,2"
"2007-09-25","12,4"
"2007-09-26","13,6"
"2007-09-27","13,6"
"2007-09-28","14,3"
"2007-09-29","17,2"
"2007-09-30",20
"2007-10-01","19,4"
"2007-10-02","17,3"
"2007-10-03","16,3"
"2007-10-04",18
"2007-10-05","17,6"
"2007-10-06","17,9"
"2007-10-07",15
"2007-10-08","13,9"
"2007-10-09","17,8"
"2007-10-10","14,3"
"2007-10-11","16,4"
"2007-10-12","14,6"
"2007-10-13",14
"2007-10-14","12,5"
"2007-10-15","12,6"
"2007-10-16","13,2"
"2007-10-17","15,5"
"2007-10-18","17,2"
"2007-10-19",16
"2007-10-20","14,2"
"2007-10-21","12,2"
"2007-10-22","14,7"
"2007-10-23","16,8"
"2007-10-24","13,5"
"2007-10-25","14,4"
"2007-10-26",12
"2007-10-27",11
"2007-10-28","11,6"
"2007-10-29","12,6"
"2007-10-30","10,9"
"2007-10-31","12,6"
"2007-11-01","11,6"
"2007-11-02","11,6"
"2007-11-03","12,5"
"2007-11-04","12,8"
"2007-11-05","11,5"
"2007-11-06",11
"2007-11-07",12
"2007-11-08","9,2"
"2007-11-09","11,7"
"2007-11-10","11,8"
"2007-11-11","10,6"
"2007-11-12","10,4"
"2007-11-13","9,1"
"2007-11-14","10,5"
"2007-11-15","8,9"
"2007-11-16","10,4"
"2007-11-17","7,8"
"2007-11-18","7,9"
"2007-11-19","9,8"
"2007-11-20",9
"2007-11-21",12
"2007-11-22","9,2"
"2007-11-23","7,2"
"2007-11-24","8,4"
"2007-11-25","9,6"
"2007-11-26","12,9"
"2007-11-27","10,6"
"2007-11-28","8,6"
"2007-11-29",9
"2007-11-30","12,6"
"2007-12-01","10,7"
"2007-12-02","9,8"
"2007-12-03","14,6"
"2007-12-04","15,6"
"2007-12-05","13,9"
"2007-12-06",13
"2007-12-07","12,6"
"2007-12-08","12,6"
"2007-12-09","12,2"
"2007-12-10",9
"2007-12-11","7,9"
"2007-12-12","8,1"
"2007-12-13","7,2"
"2007-12-14","7,2"
"2007-12-15","5,8"
"2007-12-16","4,2"
"2007-12-17","4,2"
"2007-12-18","2,2"
"2007-12-19","9,9"
"2007-12-20","12,8"
"2007-12-21","10,1"
"2007-12-22","8,8"
"2007-12-23","9,8"
"2007-12-24","8,6"
"2007-12-25","7,8"
"2007-12-26","6,8"
"2007-12-27","6,8"
"2007-12-28","8,2"
"2007-12-29","10,6"
"2007-12-30","9,3"
"2007-12-31","7,9"
"2008-01-01","8,6"
"2008-01-02","10,8"
"2008-01-03","8,6"
"2008-01-04","8,3"
"2008-01-05","14,2"
"2008-01-06","14,8"
"2008-01-07","9,8"
"2008-01-08","7,8"
"2008-01-09","10,1"
"2008-01-10","12,2"
"2008-01-11","8,5"
"2008-01-12","9,2"
"2008-01-13",11
"2008-01-14","10,6"
"2008-01-15","12,4"
"2008-01-16","10,1"
"2008-01-17","13,4"
"2008-01-18","13,6"
"2008-01-19","11,8"
"2008-01-20","12,4"
"2008-01-21","11,4"
"2008-01-22",10
"2008-01-23","11,8"
"2008-01-24","10,7"
"2008-01-25","11,4"
"2008-01-26","11,5"
"2008-01-27",10
"2008-01-28","8,4"
"2008-01-29","7,4"
"2008-01-30","7,2"
"2008-01-31",5
"2008-02-01","10,4"
"2008-02-02","6,9"
"2008-02-03","8,8"
"2008-02-04","9,4"
"2008-02-05","14,5"
"2008-02-06","13,8"
"2008-02-07",14
"2008-02-08","12,8"
"2008-02-09",14
"2008-02-10","10,8"
"2008-02-11","11,6"
"2008-02-12","11,4"
"2008-02-13","11,6"
"2008-02-14","10,6"
"2008-02-15","11,2"
"2008-02-16","10,6"
"2008-02-17","11,2"
"2008-02-18",13
"2008-02-19","14,4"
"2008-02-20","13,5"
"2008-02-21","12,6"
"2008-02-22",0
"2008-02-23","12,9"
"2008-02-24",14
"2008-02-25","12,8"
"2008-02-26","12,6"
"2008-02-27","14,1"
"2008-02-28",14
"2008-02-29",13
"2008-03-01","11,2"
"2008-03-02","9,8"
"2008-03-03","11,4"
"2008-03-04","10,4"
"2008-03-05","7,5"
"2008-03-06","7,7"
"2008-03-07","6,4"
"2008-03-08","10,4"
"2008-03-09","9,8"
"2008-03-10",12
"2008-03-11","13,6"
"2008-03-12","14,6"
"2008-03-13",14
"2008-03-14","11,9"
"2008-03-15",13
"2008-03-16","13,4"
"2008-03-17","10,6"
"2008-03-18","10,4"
"2008-03-19","10,2"
"2008-03-20","10,4"
"2008-03-21","8,2"
"2008-03-22","7,8"
"2008-03-23","7,2"
"2008-03-24","10,8"
"2008-03-25",11
"2008-03-26",9
"2008-03-27",11
"2008-03-28","11,1"
"2008-03-29","10,7"
"2008-03-30","10,8"
"2008-03-31","11,4"
"2008-04-01","14,2"
"2008-04-02","12,8"
"2008-04-03","14,8"
"2008-04-04","15,7"
"2008-04-05","15,6"
"2008-04-06","11,4"
"2008-04-07","7,8"
"2008-04-08","10,6"
"2008-04-09","8,2"
"2008-04-10","8,4"
"2008-04-11","9,3"
"2008-04-12",11
"2008-04-13","10,1"
"2008-04-14","9,2"
"2008-04-15","12,6"
"2008-04-16","13,8"
"2008-04-17",12
"2008-04-18","10,4"
"2008-04-19","11,7"
"2008-04-20","11,5"
"2008-04-21","12,5"
"2008-04-22","13,8"
"2008-04-23",14
"2008-04-24",14
"2008-04-25","17,6"
"2008-04-26",17
"2008-04-27",14
"2008-04-28","12,4"
"2008-04-29","12,1"
"2008-04-30","11,8"
"2008-05-01","11,7"
"2008-05-02","14,8"
"2008-05-03","18,6"
"2008-05-04","14,2"
"2008-05-05","14,8"
"2008-05-06","15,4"
"2008-05-07","16,2"
"2008-05-08","14,8"
"2008-05-09","14,4"
"2008-05-10","13,4"
"2008-05-11","14,6"
"2008-05-12","15,8"
"2008-05-13","14,8"
"2008-05-14","12,6"
"2008-05-15","13,9"
"2008-05-16","14,4"
"2008-05-17","14,9"
"2008-05-18","13,6"
"2008-05-19","13,9"
"2008-05-20","14,7"
"2008-05-21","16,7"
"2008-05-22","17,2"
"2008-05-23","13,4"
"2008-05-24","12,8"
"2008-05-25",12
"2008-05-26","13,9"
"2008-05-27","14,2"
"2008-05-28","15,1"
"2008-05-29","14,4"
"2008-05-30","14,6"
"2008-05-31","13,8"
"2008-06-01","15,8"
"2008-06-02","14,8"
"2008-06-03","15,4"
"2008-06-04","15,4"
"2008-06-05","16,4"
"2008-06-06","15,8"
"2008-06-07","14,4"
"2008-06-08","16,2"
"2008-06-09","17,8"
"2008-06-10","17,6"
"2008-06-11",18
"2008-06-12","18,4"
"2008-06-13","16,1"
"2008-06-14","15,4"
"2008-06-15","16,4"
"2008-06-16","15,1"
"2008-06-17","13,4"
"2008-06-18","14,2"
"2008-06-19","17,8"
"2008-06-20","21,1"
"2008-06-21","20,5"
"2008-06-22","19,2"
"2008-06-23",21
"2008-06-24","19,4"
"2008-06-25","18,9"
"2008-06-26","19,6"
"2008-06-27","18,6"
"2008-06-28","17,2"
"2008-06-29","17,1"
"2008-06-30",20
"2008-07-01","19,8"
"2008-07-02","16,3"
"2008-07-03","15,4"
"2008-07-04","18,8"
"2008-07-05","16,2"
"2008-07-06","15,3"
"2008-07-07","16,2"
"2008-07-08",17
"2008-07-09",18
"2008-07-10","18,8"
"2008-07-11","17,2"
"2008-07-12","16,2"
"2008-07-13",16
"2008-07-14","18,2"
"2008-07-15","19,4"
"2008-07-16","20,8"
"2008-07-17","18,6"
"2008-07-18",20
"2008-07-19","19,1"
"2008-07-20","18,8"
"2008-07-21","21,4"
"2008-07-22","22,2"
"2008-07-23","20,4"
"2008-07-24","19,2"
"2008-07-25","19,8"
"2008-07-26","19,6"
"2008-07-27","20,4"
"2008-07-28","17,8"
"2008-07-29","17,6"
"2008-07-30","20,7"
"2008-07-31","20,6"
"2008-08-01","19,4"
"2008-08-02","20,5"
"2008-08-03","19,4"
"2008-08-04",20
"2008-08-05","20,8"
"2008-08-06","21,1"
"2008-08-07","18,8"
"2008-08-08","19,4"
"2008-08-09","17,2"
"2008-08-10","17,2"
"2008-08-11","19,4"
"2008-08-12","17,8"
"2008-08-13","16,9"
"2008-08-14","16,4"
"2008-08-15","17,4"
"2008-08-16",0
"2008-08-17","20,3"
"2008-08-18",19
"2008-08-19","16,6"
"2008-08-20","16,8"
"2008-08-21","18,9"
"2008-08-22","16,8"
"2008-08-23","15,8"
"2008-08-24","17,6"
"2008-08-25","16,2"
"2008-08-26","19,2"
"2008-08-27","20,7"
"2008-08-28","23,6"
"2008-08-29","22,7"
"2008-08-30","18,8"
"2008-08-31","19,3"
"2008-09-01","18,3"
"2008-09-02","18,6"
"2008-09-03","14,4"
"2008-09-04",15
"2008-09-05",18
"2008-09-06","16,6"
"2008-09-07","15,4"
"2008-09-08","18,1"
"2008-09-09","20,2"
"2008-09-10","20,2"
"2008-09-11",16
"2008-09-12","14,8"
"2008-09-13","14,4"
"2008-09-14","17,3"
"2008-09-15","16,8"
"2008-09-16","17,4"
"2008-09-17","16,6"
"2008-09-18","16,8"
"2008-09-19",18
"2008-09-20","19,4"
"2008-09-21","19,6"
"2008-09-22","18,9"
"2008-09-23","16,4"
"2008-09-24","16,4"
"2008-09-25","16,6"
"2008-09-26","15,8"
"2008-09-27",16
"2008-09-28","15,6"
"2008-09-29","14,8"
"2008-09-30","15,8"
"2008-10-01","15,7"
"2008-10-02","15,2"
"2008-10-03","11,9"
"2008-10-04","11,5"
"2008-10-05","14,6"
"2008-10-06","18,4"
"2008-10-07","15,2"
"2008-10-08","13,6"
"2008-10-09",13
"2008-10-10",15
"2008-10-11","19,4"
"2008-10-12","19,8"
"2008-10-13","17,8"
"2008-10-14","16,6"
"2008-10-15","16,9"
"2008-10-16","17,2"
"2008-10-17","14,8"
"2008-10-18","14,6"
"2008-10-19","16,2"
"2008-10-20","16,5"
"2008-10-21","11,3"
"2008-10-22","10,5"
"2008-10-23","10,4"
"2008-10-24","11,2"
"2008-10-25","13,2"
"2008-10-26","11,4"
"2008-10-27","12,3"
"2008-10-28",10
"2008-10-29","9,5"
"2008-10-30","11,8"
"2008-10-31","8,2"
"2008-11-01","9,8"
"2008-11-02","10,8"
"2008-11-03","10,8"
"2008-11-04","11,9"
"2008-11-05","11,6"
"2008-11-06","10,2"
"2008-11-07","11,8"
"2008-11-08","13,6"
"2008-11-09","15,5"
"2008-11-10","12,4"
"2008-11-11","10,5"
"2008-11-12","10,7"
"2008-11-13",10
"2008-11-14",9
"2008-11-15","10,9"
"2008-11-16","11,3"
"2008-11-17","9,4"
"2008-11-18","10,9"
"2008-11-19","12,5"
"2008-11-20","10,9"
"2008-11-21","11,7"
"2008-11-22","13,1"
"2008-11-23","11,8"
"2008-11-24","9,4"
"2008-11-25","7,8"
"2008-11-26",7
"2008-11-27","5,9"
"2008-11-28",8
"2008-11-29",0
"2008-11-30","5,2"
"2008-12-01","5,9"
"2008-12-02","5,2"
"2008-12-03","10,9"
"2008-12-04","11,8"
"2008-12-05",12
"2008-12-06","13,6"
"2008-12-07","12,7"
"2008-12-08","9,5"
"2008-12-09","9,8"
"2008-12-10","9,2"
"2008-12-11","8,7"
"2008-12-12","9,8"
"2008-12-13","9,2"
"2008-12-14","6,8"
"2008-12-15","7,7"
"2008-12-16","8,8"
"2008-12-17","9,1"
"2008-12-18","8,9"
"2008-12-19","8,7"
"2008-12-20","7,7"
"2008-12-21","10,4"
"2008-12-22","10,4"
"2008-12-23","7,2"
"2008-12-24","7,6"
"2008-12-25","6,1"
"2008-12-26","5,3"
"2008-12-27","7,6"
"2008-12-28","11,3"
"2008-12-29","12,2"
"2008-12-30",13
"2008-12-31","13,8"
"2009-01-01","13,8"
"2009-01-02","11,8"
"2009-01-03",10
"2009-01-04","6,2"
"2009-01-05","5,3"
"2009-01-06","4,5"
"2009-01-07","5,2"
"2009-01-08","5,1"
"2009-01-09","3,2"
"2009-01-10","4,1"
"2009-01-11","7,2"
"2009-01-12","7,8"
"2009-01-13","7,7"
"2009-01-14","6,1"
"2009-01-15","7,3"
"2009-01-16","7,8"
"2009-01-17","9,9"
"2009-01-18","13,6"
"2009-01-19","11,2"
"2009-01-20","6,8"
"2009-01-21",9
"2009-01-22","15,1"
"2009-01-23","12,6"
"2009-01-24","10,5"
"2009-01-25","7,6"
"2009-01-26","7,4"
"2009-01-27",11
"2009-01-28","12,4"
"2009-01-29",15
"2009-01-30",11
"2009-01-31","9,4"
"2009-02-01",11
"2009-02-02","6,4"
"2009-02-03","6,8"
"2009-02-04","9,4"
"2009-02-05",8
"2009-02-06","5,6"
"2009-02-07","6,2"
"2009-02-08","8,6"
"2009-02-09","12,2"
"2009-02-10","9,8"
"2009-02-11","10,6"
"2009-02-12",10
"2009-02-13","8,3"
"2009-02-14","10,1"
"2009-02-15","7,8"
"2009-02-16","8,4"
"2009-02-17",9
"2009-02-18","8,7"
"2009-02-19",7
"2009-02-20","7,5"
"2009-02-21","10,4"
"2009-02-22","8,6"
"2009-02-23","8,8"
"2009-02-24","9,2"
"2009-02-25",10
"2009-02-26",10
"2009-02-27","11,4"
"2009-02-28","7,9"
"2009-03-01",9
"2009-03-02",9
"2009-03-03","5,8"
"2009-03-04","8,8"
"2009-03-05","10,2"
"2009-03-06","10,1"
"2009-03-07","11,4"
"2009-03-08","10,4"
"2009-03-09","9,2"
"2009-03-10","7,4"
"2009-03-11","10,2"
"2009-03-12","13,5"
"2009-03-13","14,2"
"2009-03-14","12,1"
"2009-03-15","15,5"
"2009-03-16","16,2"
"2009-03-17","17,9"
"2009-03-18",17
"2009-03-19","15,8"
"2009-03-20","10,6"
"2009-03-21","13,8"
"2009-03-22","13,8"
"2009-03-23","11,6"
"2009-03-24","12,6"
"2009-03-25","8,6"
"2009-03-26","7,8"
"2009-03-27","11,4"
"2009-03-28",9
"2009-03-29","7,8"
"2009-03-30","7,8"
"2009-03-31",8
"2009-04-01",8
"2009-04-02",8
"2009-04-03","8,4"
"2009-04-04","12,6"
"2009-04-05","10,6"
"2009-04-06","10,4"
"2009-04-07",10
"2009-04-08","12,4"
"2009-04-09","11,8"
"2009-04-10",10
"2009-04-11","10,9"
"2009-04-12","11,6"
"2009-04-13","10,4"
"2009-04-14","10,2"
"2009-04-15",10
"2009-04-16","10,8"
"2009-04-17","11,1"
"2009-04-18","11,4"
"2009-04-19","11,3"
"2009-04-20","11,5"
"2009-04-21","11,8"
"2009-04-22",13
"2009-04-23","13,8"
"2009-04-24","11,8"
"2009-04-25","10,6"
"2009-04-26","9,6"
"2009-04-27","12,4"
"2009-04-28",13
"2009-04-29","13,8"
"2009-04-30",10
"2009-05-01","9,4"
"2009-05-02",15
"2009-05-03","14,4"
"2009-05-04","14,9"
"2009-05-05","14,8"
"2009-05-06","15,2"
"2009-05-07","14,6"
"2009-05-08",15
"2009-05-09",15
"2009-05-10","16,4"
"2009-05-11","15,8"
"2009-05-12","14,9"
"2009-05-13",14
"2009-05-14","12,7"
"2009-05-15","11,9"
"2009-05-16","12,9"
"2009-05-17","12,8"
"2009-05-18","12,5"
"2009-05-19","13,8"
"2009-05-20","13,8"
"2009-05-21","15,8"
"2009-05-22",16
"2009-05-23","16,7"
"2009-05-24","14,9"
"2009-05-25","11,9"
"2009-05-26","14,4"
"2009-05-27","14,4"
"2009-05-28",18
"2009-05-29","22,7"
"2009-05-30","16,2"
"2009-05-31","20,2"
"2009-06-01","19,5"
"2009-06-02","18,4"
"2009-06-03","17,1"
"2009-06-04","16,9"
"2009-06-05","14,8"
"2009-06-06","14,6"
"2009-06-07","14,1"
"2009-06-08","14,8"
"2009-06-09","16,2"
"2009-06-10","17,6"
"2009-06-11","17,2"
"2009-06-12",16
"2009-06-13","17,4"
"2009-06-14","18,3"
"2009-06-15","16,9"
"2009-06-16","17,8"
"2009-06-17","16,9"
"2009-06-18","19,2"
"2009-06-19","18,5"
"2009-06-20","19,8"
"2009-06-21","21,4"
"2009-06-22","22,4"
"2009-06-23","17,5"
"2009-06-24","17,6"
"2009-06-25","19,8"
"2009-06-26","16,7"
"2009-06-27","17,9"
"2009-06-28","17,2"
"2009-06-29",20
"2009-06-30","23,3"
"2009-07-01","21,2"
"2009-07-02","19,2"
"2009-07-03",18
"2009-07-04","18,8"
"2009-07-05","16,6"
"2009-07-06","16,4"
"2009-07-07","17,8"
"2009-07-08","17,5"
"2009-07-09","16,8"
"2009-07-10","17,8"
"2009-07-11","18,8"
"2009-07-12","19,4"
"2009-07-13","18,2"
"2009-07-14","19,2"
"2009-07-15","18,4"
"2009-07-16",18
"2009-07-17","16,2"
"2009-07-18","15,6"
"2009-07-19","18,8"
"2009-07-20",18
"2009-07-21",19
"2009-07-22","17,8"
"2009-07-23",19
"2009-07-24",18
"2009-07-25","16,4"
"2009-07-26","19,4"
"2009-07-27","17,6"
"2009-07-28","16,2"
"2009-07-29","17,8"
"2009-07-30",17
"2009-07-31","17,8"
"2009-08-01","17,4"
"2009-08-02","17,2"
"2009-08-03","20,4"
"2009-08-04","21,4"
"2009-08-05",18
"2009-08-06","16,7"
"2009-08-07","17,8"
"2009-08-08","18,5"
"2009-08-09",18
"2009-08-10","17,5"
"2009-08-11","18,9"
"2009-08-12","21,2"
"2009-08-13",21
"2009-08-14","20,4"
"2009-08-15",22
"2009-08-16","20,8"
"2009-08-17","19,8"
"2009-08-18","18,9"
"2009-08-19","19,3"
"2009-08-20","17,1"
"2009-08-21","16,8"
"2009-08-22","18,4"
"2009-08-23","17,5"
"2009-08-24","15,6"
"2009-08-25","17,4"
"2009-08-26","20,1"
"2009-08-27","19,4"
"2009-08-28","18,3"
"2009-08-29","20,2"
"2009-08-30","19,6"
"2009-08-31","20,1"
"2009-09-01","17,8"
"2009-09-02","17,6"
"2009-09-03","20,8"
"2009-09-04","17,4"
"2009-09-05","17,6"
"2009-09-06","16,8"
"2009-09-07","17,8"
"2009-09-08","17,1"
"2009-09-09","20,6"
"2009-09-10","21,6"
"2009-09-11","23,1"
"2009-09-12","20,9"
"2009-09-13","19,4"
"2009-09-14","19,5"
"2009-09-15",18
"2009-09-16","15,8"
"2009-09-17",14
"2009-09-18","15,8"
"2009-09-19","15,4"
"2009-09-20","15,2"
"2009-09-21",16
"2009-09-22","17,3"
"2009-09-23","19,2"
"2009-09-24","19,3"
"2009-09-25","18,2"
"2009-09-26","18,4"
"2009-09-27","18,8"
"2009-09-28","18,9"
"2009-09-29","19,9"
"2009-09-30","18,4"
"2009-10-01","17,6"
"2009-10-02","16,6"
"2009-10-03","18,2"
"2009-10-04","20,1"
"2009-10-05","20,5"
"2009-10-06","20,4"
"2009-10-07","18,8"
"2009-10-08","17,4"
"2009-10-09","18,7"
"2009-10-10","18,2"
"2009-10-11","17,7"
"2009-10-12",18
"2009-10-13","17,2"
"2009-10-14","16,5"
"2009-10-15","15,7"
"2009-10-16","13,4"
"2009-10-17","12,4"
"2009-10-18","13,2"
"2009-10-19","13,4"
"2009-10-20","13,5"
"2009-10-21","12,4"
"2009-10-22","14,3"
"2009-10-23","16,4"
"2009-10-24","18,2"
"2009-10-25","19,2"
"2009-10-26","20,2"
"2009-10-27","18,5"
"2009-10-28","19,3"
"2009-10-29","20,6"
"2009-10-30","18,3"
"2009-10-31","19,7"
"2009-11-01","16,6"
"2009-11-02","14,2"
"2009-11-03","15,8"
"2009-11-04","12,4"
"2009-11-05","11,4"
"2009-11-06","13,9"
"2009-11-07","11,8"
"2009-11-08",13
"2009-11-09","13,2"
"2009-11-10","15,4"
"2009-11-11","15,5"
"2009-11-12","15,4"
"2009-11-13",16
"2009-11-14","13,8"
"2009-11-15","14,3"
"2009-11-16","13,1"
"2009-11-17","12,2"
"2009-11-18","11,5"
"2009-11-19",11
"2009-11-20","15,2"
"2009-11-21","13,6"
"2009-11-22","13,6"
"2009-11-23",0
"2009-11-24",14
"2009-11-25","11,4"
"2009-11-26","11,6"
"2009-11-27","11,2"
"2009-11-28","10,6"
"2009-11-29",0
"2009-11-30","9,2"
"2009-12-01","10,6"
"2009-12-02","11,6"
"2009-12-03","10,8"
"2009-12-04","12,2"
"2009-12-05","15,6"
"2009-12-06","13,2"
"2009-12-07","10,6"
"2009-12-08","12,8"
"2009-12-09",0
"2009-12-10",0
"2009-12-11","11,6"
"2009-12-12",9
"2009-12-13","7,6"
"2009-12-14","6,2"
"2009-12-15",4
"2009-12-16","2,7"
"2009-12-17","5,8"
"2009-12-18",5
"2009-12-19","3,2"
"2009-12-20","2,3"
"2009-12-21","6,9"
"2009-12-22","6,4"
"2009-12-23","6,5"
"2009-12-24","6,4"
"2009-12-25","5,6"
"2009-12-26","4,9"
"2009-12-27","8,7"
"2009-12-28","14,2"
"2009-12-29",12
"2009-12-30","9,4"
"2009-12-31","5,8"
"2010-01-01","7,8"
"2010-01-02","9,8"
"2010-01-03","11,2"
"2010-01-04","7,2"
"2010-01-05","5,3"
"2010-01-06","3,2"
"2010-01-07",2
"2010-01-08","3,5"
"2010-01-09","2,2"
"2010-01-10","-0,1"
"2010-01-11","5,2"
"2010-01-12",10
"2010-01-13","9,8"
"2010-01-14","9,3"
"2010-01-15",10
"2010-01-16","12,8"
"2010-01-17","10,6"
"2010-01-18","14,1"
"2010-01-19","11,8"
"2010-01-20","9,6"
"2010-01-21","10,8"
"2010-01-22","11,4"
"2010-01-23","9,2"
"2010-01-24","7,6"
"2010-01-25","5,8"
"2010-01-26","7,4"
"2010-01-27","6,2"
"2010-01-28","3,6"
"2010-01-29","8,8"
"2010-01-30","9,2"
"2010-01-31","8,2"
"2010-02-01","6,6"
"2010-02-02",6
"2010-02-03","6,8"
"2010-02-04","10,8"
"2010-02-05","9,4"
"2010-02-06","11,6"
"2010-02-07","11,8"
"2010-02-08","10,7"
"2010-02-09","6,8"
"2010-02-10","4,8"
"2010-02-11",4
"2010-02-12",4
"2010-02-13","4,1"
"2010-02-14",3
"2010-02-15","6,2"
"2010-02-16","7,2"
"2010-02-17","8,8"
"2010-02-18","8,2"
"2010-02-19","7,3"
"2010-02-20","7,6"
"2010-02-21","11,2"
"2010-02-22","11,6"
"2010-02-23","11,8"
"2010-02-24","11,2"
"2010-02-25","11,6"
"2010-02-26","9,8"
"2010-02-27","11,6"
"2010-02-28","8,6"
"2010-03-01",10
"2010-03-02",11
"2010-03-03","12,4"
"2010-03-04","10,4"
"2010-03-05","8,3"
"2010-03-06","11,5"
"2010-03-07","7,8"
"2010-03-08","4,9"
"2010-03-09","8,1"
"2010-03-10","5,4"
"2010-03-11","5,8"
"2010-03-12","8,8"
"2010-03-13","7,8"
"2010-03-14",7
"2010-03-15","8,8"
"2010-03-16","10,5"
"2010-03-17",13
"2010-03-18","15,2"
"2010-03-19","16,4"
"2010-03-20","13,6"
"2010-03-21",12
"2010-03-22","12,2"
"2010-03-23","12,2"
"2010-03-24","12,7"
"2010-03-25",10
"2010-03-26","10,4"
"2010-03-27",13
"2010-03-28","13,1"
"2010-03-29","12,2"
"2010-03-30",10
"2010-03-31","8,4"
"2010-04-01","8,8"
"2010-04-02","11,4"
"2010-04-03","9,2"
"2010-04-04","9,4"
"2010-04-05",9
"2010-04-06","10,1"
"2010-04-07","9,6"
"2010-04-08","11,6"
"2010-04-09","13,5"
"2010-04-10","16,5"
"2010-04-11","14,8"
"2010-04-12","12,4"
"2010-04-13","12,2"
"2010-04-14",13
"2010-04-15","15,8"
"2010-04-16","16,4"
"2010-04-17","15,7"
"2010-04-18","14,4"
"2010-04-19","12,3"
"2010-04-20",16
"2010-04-21","15,8"
"2010-04-22","14,4"
"2010-04-23","13,6"
"2010-04-24","14,2"
"2010-04-25","12,9"
"2010-04-26","14,6"
"2010-04-27","16,4"
"2010-04-28",15
"2010-04-29","14,8"
"2010-04-30","13,6"
"2010-05-01","13,4"
"2010-05-02","13,2"
"2010-05-03","11,6"
"2010-05-04","11,6"
"2010-05-05","11,5"
"2010-05-06","10,2"
"2010-05-07","12,6"
"2010-05-08","11,8"
"2010-05-09","11,8"
"2010-05-10","11,1"
"2010-05-11","11,6"
"2010-05-12","10,8"
"2010-05-13","8,1"
"2010-05-14","10,4"
"2010-05-15","11,3"
"2010-05-16","11,1"
"2010-05-17","13,2"
"2010-05-18","14,8"
"2010-05-19","15,8"
"2010-05-20",20
"2010-05-21","20,3"
"2010-05-22","21,6"
"2010-05-23","19,6"
"2010-05-24",18
"2010-05-25","16,4"
"2010-05-26","14,7"
"2010-05-27","13,9"
"2010-05-28","14,2"
"2010-05-29","17,6"
"2010-05-30","17,8"
"2010-05-31","17,6"
"2010-06-01","17,8"
"2010-06-02","19,2"
"2010-06-03",19
"2010-06-04","17,7"
"2010-06-05","14,8"
"2010-06-06","15,7"
"2010-06-07","15,4"
"2010-06-08","14,4"
"2010-06-09","13,4"
"2010-06-10","13,7"
"2010-06-11","14,2"
"2010-06-12","15,8"
"2010-06-13","13,8"
"2010-06-14","14,7"
"2010-06-15",15
"2010-06-16","14,9"
"2010-06-17","13,5"
"2010-06-18","16,2"
"2010-06-19","15,9"
"2010-06-20","16,6"
"2010-06-21","15,5"
"2010-06-22","17,1"
"2010-06-23","19,5"
"2010-06-24",21
"2010-06-25","19,4"
"2010-06-26",17
"2010-06-27","18,8"
"2010-06-28","19,3"
"2010-06-29","18,2"
"2010-06-30","17,7"
"2010-07-01","19,5"
"2010-07-02","16,6"
"2010-07-03","17,7"
"2010-07-04","19,6"
"2010-07-05","18,9"
"2010-07-06","20,4"
"2010-07-07","19,8"
"2010-07-08","20,5"
"2010-07-09","17,9"
"2010-07-10",18
"2010-07-11","18,8"
"2010-07-12","19,3"
"2010-07-13","19,4"
"2010-07-14","17,2"
"2010-07-15",18
"2010-07-16",17
"2010-07-17",16
"2010-07-18","19,2"
"2010-07-19","17,7"
"2010-07-20","18,2"
"2010-07-21","17,5"
"2010-07-22","15,6"
"2010-07-23","15,6"
"2010-07-24","18,3"
"2010-07-25","17,8"
"2010-07-26",20
"2010-07-27",0
"2010-07-28","21,1"
"2010-07-29","20,4"
"2010-07-30","19,6"
"2010-07-31","18,5"
"2010-08-01",18
"2010-08-02","18,4"
"2010-08-03","18,2"
"2010-08-04","18,6"
"2010-08-05","18,4"
"2010-08-06",18
"2010-08-07","17,1"
"2010-08-08","19,7"
"2010-08-09","19,1"
"2010-08-10","16,7"
"2010-08-11","18,6"
"2010-08-12","19,9"
"2010-08-13","18,6"
"2010-08-14","18,4"
"2010-08-15","17,8"
"2010-08-16","19,9"
"2010-08-17","16,8"
"2010-08-18",0
"2010-08-19","18,2"
"2010-08-20","20,2"
"2010-08-21","19,6"
"2010-08-22","21,1"
"2010-08-23","19,6"
"2010-08-24","17,8"
"2010-08-25","22,6"
"2010-08-26","20,2"
"2010-08-27","19,7"
"2010-08-28",19
"2010-08-29","19,4"
"2010-08-30",20
"2010-08-31","23,2"
"2010-09-01",19
"2010-09-02","19,6"
"2010-09-03",19
"2010-09-04","19,8"
"2010-09-05","19,2"
"2010-09-06","17,4"
"2010-09-07","16,8"
"2010-09-08",18
"2010-09-09","17,4"
"2010-09-10","17,3"
"2010-09-11","17,4"
"2010-09-12","18,2"
"2010-09-13","19,7"
"2010-09-14","21,2"
"2010-09-15","20,8"
"2010-09-16","19,3"
"2010-09-17","16,8"
"2010-09-18","16,4"
"2010-09-19","15,5"
"2010-09-20","17,3"
"2010-09-21","17,4"
"2010-09-22","15,6"
"2010-09-23","18,2"
"2010-09-24",16
"2010-09-25","14,2"
"2010-09-26","12,9"
"2010-09-27","12,1"
"2010-09-28",15
"2010-09-29","12,9"
"2010-09-30","13,4"
"2010-10-01",16
"2010-10-02",18
"2010-10-03","15,2"
"2010-10-04","15,6"
"2010-10-05","15,2"
"2010-10-06","14,6"
"2010-10-07","15,6"
"2010-10-08","17,2"
"2010-10-09","15,7"
"2010-10-10","14,4"
"2010-10-11","16,4"
"2010-10-12","17,6"
"2010-10-13",16
"2010-10-14",0
"2010-10-15",0
"2010-10-16",0
"2010-10-17",0
"2010-10-18",0
"2010-10-19",0
"2010-10-20",0
"2010-10-21",0
"2010-10-22","12,6"
"2010-10-23",13
"2010-10-24","15,4"
"2010-10-25","13,7"
"2010-10-26",13
"2010-10-27","14,2"
"2010-10-28",18
"2010-10-29","14,2"
"2010-10-30","14,6"
"2010-10-31",13
"2010-11-01","13,5"
"2010-11-02","14,4"
"2010-11-03","16,5"
"2010-11-04","17,4"
"2010-11-05","16,7"
"2010-11-06","13,9"
"2010-11-07","12,1"
"2010-11-08","12,4"
"2010-11-09","11,2"
"2010-11-10","12,7"
"2010-11-11",14
"2010-11-12",0
"2010-11-13","15,6"
"2010-11-14","10,2"
"2010-11-15","11,6"
"2010-11-16","10,3"
"2010-11-17","11,6"
"2010-11-18","11,8"
"2010-11-19","12,6"
"2010-11-20","11,8"
"2010-11-21","10,7"
"2010-11-22","10,9"
"2010-11-23","9,8"
"2010-11-24","7,4"
"2010-11-25","7,6"
"2010-11-26","7,5"
"2010-11-27",7
"2010-11-28","5,4"
"2010-11-29","4,6"
"2010-11-30","6,4"
"2010-12-01","6,5"
"2010-12-02","4,2"
"2010-12-03","5,4"
"2010-12-04",6
"2010-12-05","11,5"
"2010-12-06","15,1"
"2010-12-07","14,8"
"2010-12-08","10,8"
"2010-12-09",11
"2010-12-10",14
"2010-12-11","15,6"
"2010-12-12","13,8"
"2010-12-13","10,6"
"2010-12-14",9
"2010-12-15","8,5"
"2010-12-16","6,6"
"2010-12-17","5,6"
"2010-12-18","6,4"
"2010-12-19","7,8"
"2010-12-20","12,4"
"2010-12-21","10,5"
"2010-12-22",9
"2010-12-23","5,7"
"2010-12-24","5,4"
"2010-12-25","5,7"
"2010-12-26","5,9"
"2010-12-27","10,2"
"2010-12-28",13
"2010-12-29","14,8"
"2010-12-30",13
"2010-12-31","12,7"
"2011-01-01","9,7"
"2011-01-02","9,8"
"2011-01-03","7,4"
"2011-01-04",14
"2011-01-05","15,4"
"2011-01-06","15,5"
"2011-01-07","13,2"
"2011-01-08",12
"2011-01-09","8,8"
"2011-01-10",10
"2011-01-11","13,8"
"2011-01-12","14,6"
"2011-01-13","13,6"
"2011-01-14","13,3"
"2011-01-15","13,1"
"2011-01-16",12
"2011-01-17","12,8"
"2011-01-18","10,4"
"2011-01-19","12,2"
"2011-01-20","12,4"
"2011-01-21",8
"2011-01-22","7,8"
"2011-01-23","8,1"
"2011-01-24",9
"2011-01-25","7,7"
"2011-01-26","5,1"
"2011-01-27",7
"2011-01-28","4,6"
"2011-01-29","7,4"
"2011-01-30","7,3"
"2011-01-31","7,3"
"2011-02-01","7,2"
"2011-02-02","6,1"
"2011-02-03","10,7"
"2011-02-04","10,4"
"2011-02-05","8,4"
"2011-02-06","7,7"
"2011-02-07",12
"2011-02-08","13,2"
"2011-02-09","13,7"
"2011-02-10","15,2"
"2011-02-11","12,4"
"2011-02-12","9,6"
"2011-02-13","8,9"
"2011-02-14","8,2"
"2011-02-15","9,6"
"2011-02-16","7,4"
"2011-02-17","8,2"
"2011-02-18","10,2"
"2011-02-19",13
"2011-02-20","11,2"
"2011-02-21","12,8"
"2011-02-22","13,4"
"2011-02-23","11,5"
"2011-02-24","11,4"
"2011-02-25","10,6"
"2011-02-26","11,2"
"2011-02-27","9,4"
"2011-02-28","10,4"
"2011-03-01","7,7"
"2011-03-02","8,6"
"2011-03-03","9,8"
"2011-03-04","8,3"
"2011-03-05","10,6"
"2011-03-06","10,8"
"2011-03-07","9,8"
"2011-03-08","10,6"
"2011-03-09","10,6"
"2011-03-10","10,4"
"2011-03-11","13,4"
"2011-03-12","11,5"
"2011-03-13","9,7"
"2011-03-14","10,3"
"2011-03-15","10,3"
"2011-03-16","10,3"
"2011-03-17","10,8"
"2011-03-18","10,8"
"2011-03-19","10,6"
"2011-03-20","11,6"
"2011-03-21","11,6"
"2011-03-22","12,2"
"2011-03-23","13,8"
"2011-03-24","14,4"
"2011-03-25","13,9"
"2011-03-26",13
"2011-03-27","12,2"
"2011-03-28","13,4"
"2011-03-29","12,8"
"2011-03-30","16,2"
"2011-03-31",18
"2011-04-01","20,8"
"2011-04-02","13,1"
"2011-04-03","12,2"
"2011-04-04","10,9"
"2011-04-05","14,4"
"2011-04-06","21,6"
"2011-04-07","22,6"
"2011-04-08","23,8"
"2011-04-09","17,7"
"2011-04-10","14,8"
"2011-04-11","14,3"
"2011-04-12",16
"2011-04-13","13,1"
"2011-04-14","12,5"
"2011-04-15","13,2"
"2011-04-16","14,6"
"2011-04-17","15,6"
"2011-04-18","17,6"
"2011-04-19","16,3"
"2011-04-20","16,9"
"2011-04-21","16,2"
"2011-04-22",14
"2011-04-23","15,8"
"2011-04-24",15
"2011-04-25","15,4"
"2011-04-26",15
"2011-04-27","15,6"
"2011-04-28","16,8"
"2011-04-29","17,6"
"2011-04-30","14,6"
"2011-05-01","14,8"
"2011-05-02","14,9"
"2011-05-03","15,3"
"2011-05-04","15,6"
"2011-05-05","15,6"
"2011-05-06","18,2"
"2011-05-07","15,6"
"2011-05-08","14,8"
"2011-05-09","14,3"
"2011-05-10","14,8"
"2011-05-11","17,2"
"2011-05-12","18,4"
"2011-05-13","17,6"
"2011-05-14",16
"2011-05-15","16,6"
"2011-05-16","18,2"
"2011-05-17",17
"2011-05-18","17,8"
"2011-05-19","18,5"
"2011-05-20","16,9"
"2011-05-21",15
"2011-05-22","14,4"
"2011-05-23","15,8"
"2011-05-24","19,4"
"2011-05-25","21,4"
"2011-05-26",16
"2011-05-27","16,6"
"2011-05-28","16,7"
"2011-05-29","17,6"
"2011-05-30","15,9"
"2011-05-31","15,4"
"2011-06-01","16,8"
"2011-06-02","17,2"
"2011-06-03","18,6"
"2011-06-04","17,9"
"2011-06-05","17,1"
"2011-06-06","13,6"
"2011-06-07","14,3"
"2011-06-08","14,4"
"2011-06-09","14,4"
"2011-06-10","14,8"
"2011-06-11","14,3"
"2011-06-12","19,5"
"2011-06-13",20
"2011-06-14","19,5"
"2011-06-15","19,8"
"2011-06-16","17,2"
"2011-06-17","15,4"
"2011-06-18","15,8"
"2011-06-19","17,5"
"2011-06-20","20,6"
"2011-06-21",19
"2011-06-22","16,6"
"2011-06-23","15,8"
"2011-06-24","18,2"
"2011-06-25","23,2"
"2011-06-26","23,9"
"2011-06-27",20
"2011-06-28","17,4"
"2011-06-29","17,6"
"2011-06-30","18,9"
"2011-07-01","19,6"
"2011-07-02","19,4"
"2011-07-03","19,8"
"2011-07-04","19,8"
"2011-07-05","20,9"
"2011-07-06",18
"2011-07-07","17,6"
"2011-07-08","18,1"
"2011-07-09","19,6"
"2011-07-10",19
"2011-07-11","19,6"
"2011-07-12","17,4"
"2011-07-13","17,8"
"2011-07-14","18,6"
"2011-07-15","19,6"
"2011-07-16","19,3"
"2011-07-17","17,4"
"2011-07-18","17,5"
"2011-07-19","17,4"
"2011-07-20","17,8"
"2011-07-21","17,6"
"2011-07-22","17,8"
"2011-07-23",17
"2011-07-24","18,2"
"2011-07-25","21,2"
"2011-07-26","18,6"
"2011-07-27",19
"2011-07-28","21,6"
"2011-07-29","19,8"
"2011-07-30","19,9"
"2011-07-31","18,6"
"2011-08-01","19,2"
"2011-08-02","20,4"
"2011-08-03","19,8"
"2011-08-04","22,2"
"2011-08-05","20,1"
"2011-08-06",18
"2011-08-07","18,2"
"2011-08-08",17
"2011-08-09","18,5"
"2011-08-10","19,4"
"2011-08-11","17,4"
"2011-08-12",19
"2011-08-13","21,2"
"2011-08-14","20,2"
"2011-08-15","20,5"
"2011-08-16","19,8"
"2011-08-17","19,6"
"2011-08-18","19,4"
"2011-08-19","20,8"
"2011-08-20",24
"2011-08-21","21,4"
"2011-08-22","18,6"
"2011-08-23","17,6"
"2011-08-24","17,6"
"2011-08-25","17,4"
"2011-08-26","17,6"
"2011-08-27","15,7"
"2011-08-28","17,2"
"2011-08-29","17,8"
"2011-08-30","17,8"
"2011-08-31","18,8"
"2011-09-01","21,4"
"2011-09-02","19,4"
"2011-09-03","19,8"
"2011-09-04","18,6"
"2011-09-05","17,6"
"2011-09-06","18,2"
"2011-09-07","19,8"
"2011-09-08","21,4"
"2011-09-09",23
"2011-09-10",22
"2011-09-11","22,1"
"2011-09-12","23,4"
"2011-09-13",19
"2011-09-14","22,1"
"2011-09-15","21,6"
"2011-09-16","19,6"
"2011-09-17","18,2"
"2011-09-18","16,2"
"2011-09-19","16,6"
"2011-09-20",17
"2011-09-21","18,8"
"2011-09-22","19,7"
"2011-09-23","17,3"
"2011-09-24","19,1"
"2011-09-25","20,8"
"2011-09-26","19,8"
"2011-09-27","19,4"
"2011-09-28","20,6"
"2011-09-29","23,8"
"2011-09-30","23,2"
"2011-10-01","24,9"
"2011-10-02","24,6"
"2011-10-03","20,8"
"2011-10-04","19,8"
"2011-10-05","19,8"
"2011-10-06",19
"2011-10-07","16,6"
"2011-10-08","17,1"
"2011-10-09","16,5"
"2011-10-10","19,6"
"2011-10-11","19,2"
"2011-10-12","17,2"
"2011-10-13","18,6"
"2011-10-14","18,4"
"2011-10-15","17,2"
"2011-10-16","17,1"
"2011-10-17","14,3"
"2011-10-18","16,2"
"2011-10-19","15,8"
"2011-10-20","14,4"
"2011-10-21","14,4"
"2011-10-22","16,1"
"2011-10-23","16,4"
"2011-10-24","13,2"
"2011-10-25","12,1"
"2011-10-26","13,8"
"2011-10-27","14,1"
"2011-10-28","12,4"
"2011-10-29","12,8"
"2011-10-30","15,7"
"2011-10-31",14
"2011-11-01",14
"2011-11-02","17,2"
"2011-11-03","13,2"
"2011-11-04","12,8"
"2011-11-05","12,2"
"2011-11-06","11,1"
"2011-11-07","13,2"
"2011-11-08","13,1"
"2011-11-09","15,6"
"2011-11-10","14,5"
"2011-11-11",15
"2011-11-12","16,3"
"2011-11-13",18
"2011-11-14","16,2"
"2011-11-15","12,4"
"2011-11-16","11,9"
"2011-11-17","12,1"
"2011-11-18","11,6"
"2011-11-19","13,9"
"2011-11-20","12,6"
"2011-11-21","12,6"
"2011-11-22","10,2"
"2011-11-23","13,1"
"2011-11-24","14,6"
"2011-11-25","12,2"
"2011-11-26","11,2"
"2011-11-27","10,9"
"2011-11-28","10,2"
"2011-11-29","13,4"
"2011-11-30","13,4"
"2011-12-01","14,4"
"2011-12-02",15
"2011-12-03",11
"2011-12-04","13,6"
"2011-12-05","14,6"
"2011-12-06","13,6"
"2011-12-07","14,4"
"2011-12-08","14,4"
"2011-12-09","13,6"
"2011-12-10","12,2"
"2011-12-11","10,2"
"2011-12-12","11,8"
"2011-12-13","14,5"
"2011-12-14",12
"2011-12-15","13,2"
"2011-12-16","14,3"
"2011-12-17","10,4"
"2011-12-18","8,3"
"2011-12-19","8,5"
"2011-12-20","12,4"
"2011-12-21","13,2"
"2011-12-22","12,2"
"2011-12-23","10,8"
"2011-12-24","9,5"
"2011-12-25","7,6"
"2011-12-26","9,7"
"2011-12-27","9,6"
"2011-12-28","9,8"
"2011-12-29","9,3"
"2011-12-30",10
"2011-12-31",14
"2012-01-01","13,4"
"2012-01-02","13,6"
"2012-01-03","14,8"
"2012-01-04","14,7"
"2012-01-05","14,3"
"2012-01-06","14,6"
"2012-01-07","14,2"
"2012-01-08","8,6"
"2012-01-09","7,6"
"2012-01-10",0
"2012-01-11","6,4"
"2012-01-12","6,6"
"2012-01-13","6,2"
"2012-01-14","7,4"
"2012-01-15",0
"2012-01-16","5,7"
"2012-01-17","7,2"
"2012-01-18",0
"2012-01-19","12,4"
"2012-01-20","11,4"
"2012-01-21","11,8"
"2012-01-22","9,6"
"2012-01-23","11,8"
"2012-01-24","10,6"
"2012-01-25","9,4"
"2012-01-26","8,2"
"2012-01-27","6,5"
"2012-01-28","5,8"
"2012-01-29","6,6"
"2012-01-30","5,8"
"2012-01-31","7,5"
"2012-02-01","8,4"
"2012-02-02","6,4"
"2012-02-03","4,4"
"2012-02-04",3
"2012-02-05","6,4"
"2012-02-06","11,4"
"2012-02-07","9,6"
"2012-02-08",6
"2012-02-09","4,3"
"2012-02-10","4,3"
"2012-02-11",7
"2012-02-12","3,5"
"2012-02-13","4,2"
"2012-02-14","8,7"
"2012-02-15",8
"2012-02-16","9,8"
"2012-02-17","8,4"
"2012-02-18","5,4"
"2012-02-19","8,3"
"2012-02-20","6,2"
"2012-02-21","5,8"
"2012-02-22","5,4"
"2012-02-23","8,4"
"2012-02-24","9,3"
"2012-02-25","10,4"
"2012-02-26","8,9"
"2012-02-27","10,2"
"2012-02-28",9
"2012-02-29","10,4"
"2012-03-01","8,8"
"2012-03-02","10,6"
"2012-03-03","12,2"
"2012-03-04","8,6"
"2012-03-05","6,2"
"2012-03-06","6,8"
"2012-03-07","11,2"
"2012-03-08","11,4"
"2012-03-09","10,8"
"2012-03-10","12,2"
"2012-03-11","12,9"
"2012-03-12","11,8"
"2012-03-13","8,6"
"2012-03-14","8,4"
"2012-03-15","10,6"
"2012-03-16",11
"2012-03-17","9,8"
"2012-03-18","7,8"
"2012-03-19","7,2"
"2012-03-20","7,5"
"2012-03-21","8,4"
"2012-03-22","9,8"
"2012-03-23","14,9"
"2012-03-24","17,5"
"2012-03-25","15,8"
"2012-03-26","14,9"
"2012-03-27",16
"2012-03-28",15
"2012-03-29",14
"2012-03-30","14,8"
"2012-03-31",13
"2012-04-01","12,2"
"2012-04-02","9,7"
"2012-04-03","10,4"
"2012-04-04","7,4"
"2012-04-05","5,8"
"2012-04-06","6,2"
"2012-04-07","8,3"
"2012-04-08","8,1"
"2012-04-09","9,1"
"2012-04-10","10,8"
"2012-04-11","10,6"
"2012-04-12","10,2"
"2012-04-13","9,3"
"2012-04-14",9
"2012-04-15","8,2"
"2012-04-16","6,2"
"2012-04-17","10,2"
"2012-04-18",9
"2012-04-19","10,1"
"2012-04-20","12,3"
"2012-04-21","10,9"
"2012-04-22","10,5"
"2012-04-23","10,6"
"2012-04-24","9,8"
"2012-04-25","9,8"
"2012-04-26","8,8"
"2012-04-27",10
"2012-04-28","8,7"
"2012-04-29","8,2"
"2012-04-30","9,5"
"2012-05-01","11,2"
"2012-05-02","12,5"
"2012-05-03","12,3"
"2012-05-04","11,2"
"2012-05-05","11,3"
"2012-05-06","12,2"
"2012-05-07","13,5"
"2012-05-08",16
"2012-05-09","18,9"
"2012-05-10","20,6"
"2012-05-11",18
"2012-05-12",17
"2012-05-13","16,6"
"2012-05-14","12,6"
"2012-05-15","10,8"
"2012-05-16","17,6"
"2012-05-17","15,5"
"2012-05-18",13
"2012-05-19","10,6"
"2012-05-20","9,8"
"2012-05-21","12,6"
"2012-05-22",15
"2012-05-23",14
"2012-05-24",17
"2012-05-25","16,8"
"2012-05-26",15
"2012-05-27","14,6"
"2012-05-28","16,1"
"2012-05-29",16
"2012-05-30","15,6"
"2012-05-31","18,8"
"2012-06-01","24,8"
"2012-06-02","16,3"
"2012-06-03","15,8"
"2012-06-04","16,6"
"2012-06-05","17,2"
"2012-06-06","17,4"
"2012-06-07","16,2"
"2012-06-08","14,2"
"2012-06-09","14,8"
"2012-06-10","16,2"
"2012-06-11","14,8"
"2012-06-12","13,8"
"2012-06-13","12,9"
"2012-06-14","16,8"
"2012-06-15","17,1"
"2012-06-16","15,5"
"2012-06-17","11,9"
"2012-06-18","12,2"
"2012-06-19","15,4"
"2012-06-20","15,4"
"2012-06-21","14,2"
"2012-06-22","12,7"
"2012-06-23",13
"2012-06-24",15
"2012-06-25","17,2"
"2012-06-26","21,6"
"2012-06-27",22
"2012-06-28","18,2"
"2012-06-29","17,6"
"2012-06-30","14,2"
"2012-07-01","13,8"
"2012-07-02","15,8"
"2012-07-03","17,6"
"2012-07-04","16,9"
"2012-07-05","15,6"
"2012-07-06","16,5"
"2012-07-07","15,8"
"2012-07-08","16,4"
"2012-07-09","15,8"
"2012-07-10","15,2"
"2012-07-11",14
"2012-07-12","13,7"
"2012-07-13","16,6"
"2012-07-14","16,3"
"2012-07-15",15
"2012-07-16","16,6"
"2012-07-17","19,5"
"2012-07-18","17,2"
"2012-07-19","16,8"
"2012-07-20",16
"2012-07-21","17,1"
"2012-07-22","17,5"
"2012-07-23","18,6"
"2012-07-24","19,1"
"2012-07-25","20,2"
"2012-07-26","18,6"
"2012-07-27","19,9"
"2012-07-28","17,1"
"2012-07-29","14,6"
"2012-07-30","15,8"
"2012-07-31","17,2"
"2012-08-01","18,8"
"2012-08-02","16,4"
"2012-08-03","16,5"
"2012-08-04","14,9"
"2012-08-05","14,6"
"2012-08-06",16
"2012-08-07","15,8"
"2012-08-08","19,2"
"2012-08-09",18
"2012-08-10","18,8"
"2012-08-11","19,8"
"2012-08-12","18,6"
"2012-08-13","18,4"
"2012-08-14","18,6"
"2012-08-15","17,6"
"2012-08-16","18,6"
"2012-08-17","21,6"
"2012-08-18",21
"2012-08-19","21,2"
"2012-08-20","19,6"
"2012-08-21","19,8"
"2012-08-22","18,8"
"2012-08-23",18
"2012-08-24","17,8"
"2012-08-25","16,3"
"2012-08-26","15,6"
"2012-08-27","16,6"
"2012-08-28","16,4"
"2012-08-29","16,8"
"2012-08-30","16,2"
"2012-08-31","17,4"
"2012-09-01","16,3"
"2012-09-02","17,2"
"2012-09-03","17,9"
"2012-09-04","16,4"
"2012-09-05",19
"2012-09-06","20,4"
"2012-09-07","22,8"
"2012-09-08","20,8"
"2012-09-09",18
"2012-09-10","18,5"
"2012-09-11","18,2"
"2012-09-12","16,2"
"2012-09-13","16,7"
"2012-09-14","15,4"
"2012-09-15","17,6"
"2012-09-16","18,8"
"2012-09-17","14,5"
"2012-09-18","17,6"
"2012-09-19","18,2"
"2012-09-20","17,6"
"2012-09-21","15,2"
"2012-09-22","17,4"
"2012-09-23","16,1"
"2012-09-24","15,5"
"2012-09-25","12,1"
"2012-09-26","11,8"
"2012-09-27","11,8"
"2012-09-28","12,6"
"2012-09-29","15,8"
"2012-09-30","12,2"
"2012-10-01","11,8"
"2012-10-02","15,6"
"2012-10-03",15
"2012-10-04","15,7"
"2012-10-05","15,2"
"2012-10-06","16,8"
"2012-10-07","20,5"
"2012-10-08","19,9"
"2012-10-09","18,6"
"2012-10-10",17
"2012-10-11","13,8"
"2012-10-12","11,4"
"2012-10-13",11
"2012-10-14","11,8"
"2012-10-15","12,6"
"2012-10-16",14
"2012-10-17","11,8"
"2012-10-18",9
"2012-10-19","10,4"
"2012-10-20","11,2"
"2012-10-21",12
"2012-10-22","16,2"
"2012-10-23","18,3"
"2012-10-24","14,6"
"2012-10-25",17
"2012-10-26","15,8"
"2012-10-27","12,4"
"2012-10-28","9,5"
"2012-10-29",11
"2012-10-30","12,6"
"2012-10-31","10,2"
"2012-11-01",13
"2012-11-02","15,6"
"2012-11-03","13,8"
"2012-11-04","12,6"
"2012-11-05","11,3"
"2012-11-06","9,7"
"2012-11-07",9
"2012-11-08","11,6"
"2012-11-09","15,1"
"2012-11-10","10,8"
"2012-11-11",10
"2012-11-12","9,5"
"2012-11-13","9,4"
"2012-11-14","11,8"
"2012-11-15","17,2"
"2012-11-16","14,9"
"2012-11-17","12,8"
"2012-11-18","10,1"
"2012-11-19","10,8"
"2012-11-20","13,7"
"2012-11-21","11,2"
"2012-11-22","9,7"
"2012-11-23","13,8"
"2012-11-24",13
"2012-11-25",10
"2012-11-26","10,2"
"2012-11-27",8
"2012-11-28","7,8"
"2012-11-29",8
"2012-11-30","11,2"
"2012-12-01","7,8"
"2012-12-02","6,4"
"2012-12-03","10,6"
"2012-12-04","10,4"
"2012-12-05","10,4"
"2012-12-06",12
"2012-12-07","10,8"
"2012-12-08","8,6"
"2012-12-09",8
"2012-12-10","7,6"
"2012-12-11","7,8"
"2012-12-12","9,7"
"2012-12-13",13
"2012-12-14","13,5"
"2012-12-15","13,2"
"2012-12-16","13,9"
"2012-12-17","13,4"
"2012-12-18",15
"2012-12-19","14,2"
"2012-12-20","12,4"
"2012-12-21","14,6"
"2012-12-22","16,4"
"2012-12-23",16
"2012-12-24","13,2"
"2012-12-25","11,2"
"2012-12-26",10
"2012-12-27","14,4"
"2012-12-28",14
"2012-12-29","11,7"
"2012-12-30","11,8"
"2012-12-31","12,3"
"2013-01-01",12
"2013-01-02",10
"2013-01-03","10,9"
"2013-01-04","11,6"
"2013-01-05","10,2"
"2013-01-06",8
"2013-01-07","9,2"
"2013-01-08","12,4"
"2013-01-09",14
"2013-01-10","8,5"
"2013-01-11","7,8"
"2013-01-12","8,8"
"2013-01-13","9,2"
"2013-01-14","9,2"
"2013-01-15","9,6"
"2013-01-16",12
"2013-01-17",13
"2013-01-18","12,6"
"2013-01-19",0
"2013-01-20",0
"2013-01-21","9,1"
"2013-01-22","7,2"
"2013-01-23","10,1"
"2013-01-24",11
"2013-01-25","11,4"
"2013-01-26","11,2"
"2013-01-27","11,1"
"2013-01-28",11
"2013-01-29",14
"2013-01-30","14,6"
"2013-01-31","16,4"
"2013-02-01",12
"2013-02-02","9,4"
"2013-02-03","8,4"
"2013-02-04","11,6"
"2013-02-05","10,8"
"2013-02-06",0
"2013-02-07","8,3"
"2013-02-08",11
"2013-02-09",11
"2013-02-10","8,7"
"2013-02-11","7,4"
"2013-02-12","9,8"
"2013-02-13","12,6"
"2013-02-14",13
"2013-02-15","12,5"
"2013-02-16","12,4"
"2013-02-17","11,6"
"2013-02-18","12,9"
"2013-02-19","12,4"
"2013-02-20",11
"2013-02-21","13,6"
"2013-02-22","9,4"
"2013-02-23","6,4"
"2013-02-24","7,2"
"2013-02-25","5,6"
"2013-02-26","6,6"
"2013-02-27","7,5"
"2013-02-28","7,4"
"2013-03-01","6,6"
"2013-03-02","7,8"
"2013-03-03","12,4"
"2013-03-04","14,6"
"2013-03-05","16,4"
"2013-03-06","14,5"
"2013-03-07","12,4"
"2013-03-08","14,1"
"2013-03-09",12
"2013-03-10","12,4"
"2013-03-11","10,3"
"2013-03-12","7,2"
"2013-03-13","6,4"
"2013-03-14","7,4"
"2013-03-15","8,6"
"2013-03-16",8
"2013-03-17","9,3"
"2013-03-18",9
"2013-03-19","9,2"
"2013-03-20","9,4"
"2013-03-21",15
"2013-03-22","12,6"
"2013-03-23","11,8"
"2013-03-24","12,2"
"2013-03-25","12,5"
"2013-03-26","12,4"
"2013-03-27","13,2"
"2013-03-28","14,4"
"2013-03-29",15
"2013-03-30","14,2"
"2013-03-31","15,5"
"2013-04-01","12,2"
"2013-04-02","12,2"
"2013-04-03","12,2"
"2013-04-04",9
"2013-04-05","9,2"
"2013-04-06","8,8"
"2013-04-07",10
"2013-04-08","11,7"
"2013-04-09","12,9"
"2013-04-10","15,7"
"2013-04-11","13,9"
"2013-04-12","14,1"
"2013-04-13","16,4"
"2013-04-14","15,8"
"2013-04-15","14,4"
"2013-04-16","15,4"
"2013-04-17","15,5"
"2013-04-18","12,8"
"2013-04-19","12,2"
"2013-04-20","12,4"
"2013-04-21","10,5"
"2013-04-22","11,8"
"2013-04-23","15,9"
"2013-04-24","16,6"
"2013-04-25","14,8"
"2013-04-26",11
"2013-04-27",9
"2013-04-28","9,4"
"2013-04-29","8,8"
"2013-04-30","11,3"
"2013-05-01","11,2"
"2013-05-02",10
"2013-05-03","11,7"
"2013-05-04","13,6"
"2013-05-05","14,2"
"2013-05-06","13,5"
"2013-05-07","17,2"
"2013-05-08",0
"2013-05-09","11,4"
"2013-05-10","10,3"
"2013-05-11","10,6"
"2013-05-12","10,7"
"2013-05-13","11,6"
"2013-05-14","13,3"
"2013-05-15",12
"2013-05-16","11,3"
"2013-05-17","10,6"
"2013-05-18",12
"2013-05-19",11
"2013-05-20","10,2"
"2013-05-21","11,9"
"2013-05-22","14,7"
"2013-05-23","13,6"
"2013-05-24","11,3"
"2013-05-25","12,6"
"2013-05-26","12,8"
"2013-05-27",12
"2013-05-28","12,4"
"2013-05-29",12
"2013-05-30",14
"2013-05-31",15
"2013-06-01","14,6"
"2013-06-02",16
"2013-06-03","16,2"
"2013-06-04","18,2"
"2013-06-05","17,2"
"2013-06-06","16,6"
"2013-06-07","14,7"
"2013-06-08","14,6"
"2013-06-09","15,8"
"2013-06-10","16,6"
"2013-06-11","18,8"
"2013-06-12","20,2"
"2013-06-13","15,2"
"2013-06-14","15,8"
"2013-06-15","15,4"
"2013-06-16","14,5"
"2013-06-17","14,2"
"2013-06-18","14,6"
"2013-06-19","14,2"
"2013-06-20","14,5"
"2013-06-21","14,8"
"2013-06-22","14,5"
"2013-06-23","15,8"
"2013-06-24","17,4"
"2013-06-25","16,5"
"2013-06-26",19
"2013-06-27","19,6"
"2013-06-28","18,2"
"2013-06-29","17,6"
"2013-06-30","19,6"
"2013-07-01",17
"2013-07-02","18,4"
"2013-07-03","19,9"
"2013-07-04","22,6"
"2013-07-05","22,4"
"2013-07-06","24,7"
"2013-07-07","26,2"
"2013-07-08",25
"2013-07-09","23,7"
"2013-07-10","22,2"
"2013-07-11","24,6"
"2013-07-12","24,2"
"2013-07-13","23,2"
"2013-07-14","22,9"
"2013-07-15",23
"2013-07-16","23,1"
"2013-07-17","21,8"
"2013-07-18","22,2"
"2013-07-19","19,5"
"2013-07-20","18,6"
"2013-07-21","19,9"
"2013-07-22","18,8"
"2013-07-23","18,2"
"2013-07-24","21,6"
"2013-07-25",19
"2013-07-26","18,4"
"2013-07-27","19,8"
"2013-07-28","20,6"
"2013-07-29","20,7"
"2013-07-30","20,4"
"2013-07-31","19,2"
"2013-08-01","21,4"
"2013-08-02",20
"2013-08-03","18,1"
"2013-08-04",19
"2013-08-05","21,2"
"2013-08-06","17,4"
"2013-08-07","18,4"
"2013-08-08","19,4"
"2013-08-09","19,2"
"2013-08-10","22,3"
"2013-08-11","21,7"
"2013-08-12","21,8"
"2013-08-13","21,8"
"2013-08-14","22,8"
"2013-08-15","19,8"
"2013-08-16",21
"2013-08-17","19,8"
"2013-08-18","21,2"
"2013-08-19","20,2"
"2013-08-20","21,6"
"2013-08-21","23,2"
"2013-08-22","20,4"
"2013-08-23",21
"2013-08-24","18,4"
"2013-08-25","17,2"
"2013-08-26","20,5"
"2013-08-27","21,3"
"2013-08-28","21,8"
"2013-08-29",22
"2013-08-30","19,6"
"2013-08-31","20,4"
"2013-09-01","22,2"
"2013-09-02",24
"2013-09-03","22,4"
"2013-09-04","19,6"
"2013-09-05","18,8"
"2013-09-06","17,3"
"2013-09-07","16,4"
"2013-09-08",14
"2013-09-09","15,6"
"2013-09-10","20,1"
"2013-09-11","19,6"
"2013-09-12","17,9"
"2013-09-13","19,8"
"2013-09-14",18
"2013-09-15","17,5"
"2013-09-16",17
"2013-09-17",17
"2013-09-18","19,2"
"2013-09-19","20,2"
"2013-09-20","20,3"
"2013-09-21","21,2"
"2013-09-22",25
"2013-09-23","23,2"
"2013-09-24","21,1"
"2013-09-25","20,4"
"2013-09-26","19,8"
"2013-09-27","20,2"
"2013-09-28","18,9"
"2013-09-29","20,2"
"2013-09-30","21,8"
"2013-10-01","21,5"
"2013-10-02",20
"2013-10-03",19
"2013-10-04","18,8"
"2013-10-05","17,3"
"2013-10-06","17,2"
"2013-10-07","17,2"
"2013-10-08","16,3"
"2013-10-09","16,2"
"2013-10-10","15,2"
"2013-10-11","15,4"
"2013-10-12","12,2"
"2013-10-13",17
"2013-10-14","17,6"
"2013-10-15","19,7"
"2013-10-16","16,6"
"2013-10-17","16,8"
"2013-10-18","17,8"
"2013-10-19","18,2"
"2013-10-20","18,4"
"2013-10-21","18,2"
"2013-10-22","18,8"
"2013-10-23","17,8"
"2013-10-24","17,2"
"2013-10-25","17,4"
"2013-10-26","16,5"
"2013-10-27","18,9"
"2013-10-28",15
"2013-10-29","12,6"
"2013-10-30","12,3"
"2013-10-31","15,1"
"2013-11-01","17,3"
"2013-11-02","15,8"
"2013-11-03","12,4"
"2013-11-04","15,8"
"2013-11-05","17,6"
"2013-11-06","17,6"
"2013-11-07","16,6"
"2013-11-08","11,3"
"2013-11-09","12,8"
"2013-11-10","14,8"
"2013-11-11","15,4"
"2013-11-12","15,8"
"2013-11-13",14
"2013-11-14","13,8"
"2013-11-15","12,6"
"2013-11-16","11,7"
"2013-11-17","11,5"
"2013-11-18","11,6"
"2013-11-19","10,1"
"2013-11-20","8,2"
"2013-11-21",11
"2013-11-22","8,8"
"2013-11-23","7,3"
"2013-11-24","8,6"
"2013-11-25",11
"2013-11-26","10,7"
"2013-11-27","10,4"
"2013-11-28","7,8"
"2013-11-29","7,2"
"2013-11-30","10,4"
"2013-12-01","8,9"
"2013-12-02","8,3"
"2013-12-03","7,8"
"2013-12-04","6,8"
"2013-12-05","7,8"
"2013-12-06","8,4"
"2013-12-07","7,2"
"2013-12-08","7,2"
"2013-12-09","7,2"
"2013-12-10","11,4"
"2013-12-11",13
"2013-12-12","16,2"
"2013-12-13","9,8"
"2013-12-14","10,7"
"2013-12-15","11,2"
"2013-12-16","13,4"
"2013-12-17","11,4"
"2013-12-18",11
"2013-12-19","10,1"
"2013-12-20",8
"2013-12-21","11,2"
"2013-12-22",13
"2013-12-23","13,3"
"2013-12-24","11,6"
"2013-12-25","8,2"
"2013-12-26","10,3"
"2013-12-27","12,8"
"2013-12-28","9,3"
"2013-12-29","8,2"
"2013-12-30","11,6"
"2013-12-31","12,2"
"2014-01-01","12,2"
"2014-01-02","13,8"
"2014-01-03","13,2"
"2014-01-04","9,4"
"2014-01-05",13
"2014-01-06","13,6"
"2014-01-07","12,9"
"2014-01-08","14,2"
"2014-01-09",10
"2014-01-10","9,1"
"2014-01-11","8,6"
"2014-01-12","10,9"
"2014-01-13","8,9"
"2014-01-14","12,5"
"2014-01-15","11,8"
"2014-01-16","9,6"
"2014-01-17","9,8"
"2014-01-18","8,6"
"2014-01-19","8,4"
"2014-01-20","9,2"
"2014-01-21","10,6"
"2014-01-22","10,1"
"2014-01-23","10,3"
"2014-01-24","11,1"
"2014-01-25",13
"2014-01-26","12,8"
"2014-01-27","8,4"
"2014-01-28",9
"2014-01-29","8,8"
"2014-01-30",10
"2014-01-31",12
"2014-02-01","7,8"
"2014-02-02",8
"2014-02-03","7,5"
"2014-02-04","8,6"
"2014-02-05","9,6"
"2014-02-06","11,8"
"2014-02-07","9,4"
"2014-02-08","9,4"
"2014-02-09","9,4"
"2014-02-10","8,3"
"2014-02-11",9
"2014-02-12","10,8"
"2014-02-13","12,9"
"2014-02-14",12
"2014-02-15","8,2"
"2014-02-16","7,7"
"2014-02-17","10,2"
"2014-02-18","9,2"
"2014-02-19","11,4"
"2014-02-20","10,2"
"2014-02-21","8,8"
"2014-02-22",12
"2014-02-23","13,8"
"2014-02-24","11,8"
"2014-02-25","9,7"
"2014-02-26","10,2"
"2014-02-27","12,4"
"2014-02-28","10,6"
"2014-03-01","11,4"
"2014-03-02","10,3"
"2014-03-03","9,4"
"2014-03-04","10,8"
"2014-03-05","11,3"
"2014-03-06","11,9"
"2014-03-07","13,2"
"2014-03-08","17,2"
"2014-03-09","16,6"
"2014-03-10","14,1"
"2014-03-11","11,2"
"2014-03-12","11,2"
"2014-03-13","11,2"
"2014-03-14","11,4"
"2014-03-15","11,8"
"2014-03-16","12,4"
"2014-03-17","13,9"
"2014-03-18",13
"2014-03-19","13,1"
"2014-03-20","13,4"
"2014-03-21","11,9"
"2014-03-22","9,9"
"2014-03-23","9,3"
"2014-03-24","12,5"
"2014-03-25","9,4"
"2014-03-26","9,2"
"2014-03-27","8,1"
"2014-03-28","8,5"
"2014-03-29",11
"2014-03-30","11,2"
"2014-03-31",12
"2014-04-01","12,4"
"2014-04-02","13,8"
"2014-04-03","12,6"
"2014-04-04","12,8"
"2014-04-05","17,6"
"2014-04-06","16,8"
"2014-04-07","14,8"
"2014-04-08","11,8"
"2014-04-09",16
"2014-04-10","18,4"
"2014-04-11","15,2"
"2014-04-12","14,8"
"2014-04-13","15,3"
"2014-04-14","16,8"
"2014-04-15","17,4"
"2014-04-16","15,2"
"2014-04-17","14,4"
"2014-04-18","15,3"
"2014-04-19","14,4"
"2014-04-20","13,2"
"2014-04-21","11,2"
"2014-04-22","13,4"
"2014-04-23","13,9"
"2014-04-24","11,2"
"2014-04-25","11,1"
"2014-04-26","14,2"
"2014-04-27","12,8"
"2014-04-28","15,7"
"2014-04-29","15,6"
"2014-04-30",15
"2014-05-01","14,5"
"2014-05-02","14,3"
"2014-05-03","14,5"
"2014-05-04",16
"2014-05-05","14,2"
"2014-05-06","14,4"
"2014-05-07","15,2"
"2014-05-08","15,2"
"2014-05-09","17,8"
"2014-05-10","16,2"
"2014-05-11","13,8"
"2014-05-12","12,4"
"2014-05-13","11,6"
"2014-05-14","15,4"
"2014-05-15",19
"2014-05-16","19,6"
"2014-05-17","16,9"
"2014-05-18","14,2"
"2014-05-19","11,6"
"2014-05-20","11,6"
"2014-05-21","12,8"
"2014-05-22",14
"2014-05-23",12
"2014-05-24","11,4"
"2014-05-25","11,9"
"2014-05-26","12,4"
"2014-05-27","12,8"
"2014-05-28",16
"2014-05-29","13,6"
"2014-05-30",14
"2014-05-31","15,4"
"2014-06-01","14,3"
"2014-06-02","16,4"
"2014-06-03","17,8"
"2014-06-04",14
"2014-06-05","15,2"
"2014-06-06","17,2"
"2014-06-07","17,2"
"2014-06-08","17,5"
"2014-06-09","17,2"
"2014-06-10","15,8"
"2014-06-11","18,2"
"2014-06-12","20,9"
"2014-06-13","19,8"
"2014-06-14",22
"2014-06-15","21,9"
"2014-06-16","20,1"
"2014-06-17","20,7"
"2014-06-18","22,2"
"2014-06-19","19,7"
"2014-06-20",19
"2014-06-21","20,2"
"2014-06-22","19,4"
"2014-06-23","18,5"
"2014-06-24","17,8"
"2014-06-25","17,5"
"2014-06-26","18,8"
"2014-06-27",18
"2014-06-28","17,3"
"2014-06-29","16,8"
"2014-06-30",17
"2014-07-01","17,4"
"2014-07-02","18,6"
"2014-07-03","18,4"
"2014-07-04","21,4"
"2014-07-05",21
"2014-07-06","17,6"
"2014-07-07",18
"2014-07-08","18,3"
"2014-07-09","18,2"
"2014-07-10","19,2"
"2014-07-11",19
"2014-07-12","18,8"
"2014-07-13","19,8"
"2014-07-14","20,5"
"2014-07-15","21,6"
"2014-07-16","21,3"
"2014-07-17","20,5"
"2014-07-18","18,8"
"2014-07-19","19,5"
"2014-07-20","19,2"
"2014-07-21","17,4"
"2014-07-22","21,5"
"2014-07-23","20,8"
"2014-07-24","20,6"
"2014-07-25","20,8"
"2014-07-26","22,4"
"2014-07-27","22,3"
"2014-07-28","20,4"
"2014-07-29","20,8"
"2014-07-30","20,3"
"2014-07-31","19,6"
"2014-08-01","21,2"
"2014-08-02","19,7"
"2014-08-03","18,3"
"2014-08-04","17,8"
"2014-08-05","20,1"
"2014-08-06","21,6"
"2014-08-07","23,2"
"2014-08-08",22
"2014-08-09","22,6"
"2014-08-10","17,7"
"2014-08-11","17,5"
"2014-08-12","20,1"
"2014-08-13","18,8"
"2014-08-14","18,1"
"2014-08-15","16,6"
"2014-08-16",18
"2014-08-17","17,8"
"2014-08-18",18
"2014-08-19","19,4"
"2014-08-20",17
"2014-08-21",16
"2014-08-22","17,1"
"2014-08-23","15,8"
"2014-08-24","16,8"
"2014-08-25","20,9"
"2014-08-26","22,7"
"2014-08-27","23,1"
"2014-08-28","19,8"
"2014-08-29","18,6"
"2014-08-30","19,8"
"2014-08-31",21
"2014-09-01","21,6"
"2014-09-02","24,8"
"2014-09-03","21,8"
"2014-09-04","21,1"
"2014-09-05",20
"2014-09-06","22,4"
"2014-09-07","19,8"
"2014-09-08",20
"2014-09-09","21,8"
"2014-09-10","22,5"
"2014-09-11",23
"2014-09-12","22,9"
"2014-09-13","22,4"
"2014-09-14","20,5"
"2014-09-15",21
"2014-09-16","22,1"
"2014-09-17",21
"2014-09-18","19,6"
"2014-09-19","19,8"
"2014-09-20","19,7"
"2014-09-21","19,6"
"2014-09-22","21,8"
"2014-09-23","19,6"
"2014-09-24","16,9"
"2014-09-25","16,4"
"2014-09-26","17,8"
"2014-09-27","19,6"
"2014-09-28",20
"2014-09-29","18,3"
"2014-09-30","16,2"
"2014-10-01","17,9"
"2014-10-02","19,8"
"2014-10-03","17,6"
"2014-10-04",16
"2014-10-05","15,2"
"2014-10-06","16,6"
"2014-10-07","18,4"
"2014-10-08","16,4"
"2014-10-09",16
"2014-10-10","15,6"
"2014-10-11","14,7"
"2014-10-12","15,9"
"2014-10-13","14,2"
"2014-10-14","15,4"
"2014-10-15","19,6"
"2014-10-16","17,2"
"2014-10-17","20,4"
"2014-10-18","20,8"
"2014-10-19","19,8"
"2014-10-20","20,5"
"2014-10-21","16,2"
"2014-10-22","17,8"
"2014-10-23","19,5"
"2014-10-24","19,4"
"2014-10-25","17,5"
"2014-10-26","20,5"
"2014-10-27","19,7"
"2014-10-28","21,4"
"2014-10-29",20
"2014-10-30","20,4"
"2014-10-31","19,4"
"2014-11-01","15,8"
"2014-11-02",15
"2014-11-03",12
"2014-11-04","11,7"
"2014-11-05","12,3"
"2014-11-06","13,1"
"2014-11-07",14
"2014-11-08","12,2"
"2014-11-09",11
"2014-11-10","12,6"
"2014-11-11","13,2"
"2014-11-12","13,8"
"2014-11-13","14,9"
"2014-11-14","12,4"
"2014-11-15","12,4"
"2014-11-16","12,8"
"2014-11-17","11,8"
"2014-11-18","12,1"
"2014-11-19","10,8"
"2014-11-20","16,6"
"2014-11-21","15,8"
"2014-11-22",14
"2014-11-23",12
"2014-11-24","13,7"
"2014-11-25","10,5"
"2014-11-26","9,2"
"2014-11-27","9,7"
"2014-11-28","9,9"
"2014-11-29",10
"2014-11-30","15,7"
"2014-12-01","13,1"
"2014-12-02","12,4"
"2014-12-03","10,8"
"2014-12-04","7,6"
"2014-12-05","9,3"
"2014-12-06","9,2"
"2014-12-07",11
"2014-12-08","10,7"
"2014-12-09","10,6"
"2014-12-10","11,6"
"2014-12-11","11,7"
"2014-12-12","11,8"
"2014-12-13","8,9"
"2014-12-14","8,4"
"2014-12-15","8,3"
"2014-12-16","12,6"
"2014-12-17","11,6"
"2014-12-18","11,8"
"2014-12-19","12,3"
"2014-12-20","12,2"
"2014-12-21","10,2"
"2014-12-22","7,7"
"2014-12-23","7,5"
"2014-12-24","11,9"
"2014-12-25","11,3"
"2014-12-26","9,1"
"2014-12-27","11,3"
"2014-12-28","7,4"
"2014-12-29","5,4"
"2014-12-30","6,6"
"2014-12-31","7,2"
"2015-01-01","7,4"
"2015-01-02",9
"2015-01-03","10,3"
"2015-01-04","10,3"
"2015-01-05","9,3"
"2015-01-06","11,2"
"2015-01-07","10,2"
"2015-01-08","11,2"
"2015-01-09","9,9"
"2015-01-10","9,4"
"2015-01-11","11,1"
"2015-01-12","9,6"
"2015-01-13","11,2"
"2015-01-14","11,1"
"2015-01-15",9
"2015-01-16","7,7"
"2015-01-17","6,5"
"2015-01-18","7,1"
"2015-01-19","7,3"
"2015-01-20","8,2"
"2015-01-21","8,2"
"2015-01-22","8,7"
"2015-01-23","10,6"
"2015-01-24","11,2"
"2015-01-25","8,4"
"2015-01-26","5,9"
"2015-01-27","9,2"
"2015-01-28","9,2"
"2015-01-29","10,5"
"2015-01-30","11,8"
"2015-01-31","7,6"
"2015-02-01","7,6"
"2015-02-02","9,4"
"2015-02-03","6,7"
"2015-02-04","4,7"
"2015-02-05","5,6"
"2015-02-06","5,2"
"2015-02-07","6,6"
"2015-02-08","6,6"
"2015-02-09","9,2"
"2015-02-10","8,1"
"2015-02-11","8,6"
"2015-02-12","8,6"
"2015-02-13","9,8"
"2015-02-14","11,5"
"2015-02-15","10,9"
"2015-02-16","9,6"
"2015-02-17",9
"2015-02-18","8,4"
"2015-02-19","6,4"
"2015-02-20","10,7"
"2015-02-21","10,8"
"2015-02-22","11,6"
"2015-02-23","10,2"
"2015-02-24","9,8"
"2015-02-25","11,8"
"2015-02-26","11,4"
"2015-02-27",10
"2015-02-28",13
"2015-03-01","14,2"
"2015-03-02","12,6"
"2015-03-03","9,7"
"2015-03-04","9,1"
"2015-03-05","9,7"
"2015-03-06","10,4"
"2015-03-07","11,8"
"2015-03-08","8,8"
"2015-03-09","9,1"
"2015-03-10","11,6"
"2015-03-11","11,7"
"2015-03-12",12
"2015-03-13",10
"2015-03-14","7,2"
"2015-03-15","8,6"
"2015-03-16","7,9"
"2015-03-17",10
"2015-03-18","11,9"
"2015-03-19","13,4"
"2015-03-20","11,6"
"2015-03-21",12
"2015-03-22","11,5"
"2015-03-23","9,6"
"2015-03-24","9,8"
"2015-03-25","9,6"
"2015-03-26",11
"2015-03-27","13,8"
"2015-03-28","13,7"
"2015-03-29","14,8"
"2015-03-30","12,8"
"2015-03-31","13,9"
"2015-04-01","12,6"
"2015-04-02","12,8"
"2015-04-03","11,2"
"2015-04-04","13,7"
"2015-04-05","15,6"
"2015-04-06","14,5"
"2015-04-07","15,4"
"2015-04-08","17,6"
"2015-04-09","13,6"
"2015-04-10","13,5"
"2015-04-11","13,6"
"2015-04-12","15,6"
"2015-04-13","17,3"
"2015-04-14",20
"2015-04-15","16,2"
"2015-04-16","13,8"
"2015-04-17","11,6"
"2015-04-18","12,7"
"2015-04-19","11,8"
"2015-04-20","12,4"
"2015-04-21","16,4"
"2015-04-22","14,2"
"2015-04-23",14
"2015-04-24","14,4"
"2015-04-25","15,8"
"2015-04-26","14,3"
"2015-04-27","12,8"
"2015-04-28","11,4"
"2015-04-29",13
"2015-04-30","16,4"
"2015-05-01","18,2"
"2015-05-02","16,8"
"2015-05-03","18,3"
"2015-05-04","16,7"
"2015-05-05","13,6"
"2015-05-06","12,4"
"2015-05-07","15,4"
"2015-05-08","16,5"
"2015-05-09","15,5"
"2015-05-10",14
"2015-05-11","14,6"
"2015-05-12","18,2"
"2015-05-13","19,6"
"2015-05-14","14,8"
"2015-05-15",15
"2015-05-16","17,2"
"2015-05-17","18,2"
"2015-05-18","15,2"
"2015-05-19","14,1"
"2015-05-20",14
"2015-05-21","13,4"
"2015-05-22","13,7"
"2015-05-23","15,8"
"2015-05-24",17
"2015-05-25","16,4"
"2015-05-26","16,5"
"2015-05-27","17,2"
"2015-05-28","16,3"
"2015-05-29","15,4"
"2015-05-30","17,1"
"2015-05-31","15,2"
"2015-06-01","15,9"
"2015-06-02","15,8"
"2015-06-03","19,2"
"2015-06-04","18,3"
"2015-06-05","18,2"
"2015-06-06","19,3"
"2015-06-07","20,6"
"2015-06-08","22,2"
"2015-06-09","19,3"
"2015-06-10","17,4"
"2015-06-11","14,6"
"2015-06-12","15,4"
"2015-06-13",16
"2015-06-14","17,3"
"2015-06-15","16,5"
"2015-06-16",0
"2015-06-17","17,8"
"2015-06-18","19,3"
"2015-06-19","18,6"
"2015-06-20","20,6"
"2015-06-21","20,8"
"2015-06-22","19,8"
"2015-06-23",0
"2015-06-24",0
"2015-06-25",0
"2015-06-26",0
"2015-06-27",0
"2015-06-28",0
"2015-06-29",0
"2015-06-30","19,4"
"2015-07-01","21,9"
"2015-07-02","18,3"
"2015-07-03","20,8"
"2015-07-04",19
"2015-07-05","18,4"
"2015-07-06","17,9"
"2015-07-07","19,2"
"2015-07-08","18,4"
"2015-07-09","22,2"
"2015-07-10","20,4"
"2015-07-11","19,1"
"2015-07-12",19
"2015-07-13","18,4"
"2015-07-14","19,6"
"2015-07-15","20,6"
"2015-07-16","21,2"
"2015-07-17","20,6"
"2015-07-18","21,9"
"2015-07-19","23,6"
"2015-07-20","24,1"
"2015-07-21","21,9"
"2015-07-22","19,4"
"2015-07-23","19,2"
"2015-07-24","18,6"
"2015-07-25",17
"2015-07-26",20
"2015-07-27","19,8"
"2015-07-28","20,7"
"2015-07-29","20,3"
"2015-07-30",20
"2015-07-31","19,2"
"2015-08-01",18
"2015-08-02","20,9"
"2015-08-03","19,8"
"2015-08-04","16,9"
"2015-08-05","19,4"
"2015-08-06","20,2"
"2015-08-07","18,1"
"2015-08-08","16,4"
"2015-08-09","19,8"
"2015-08-10",19
"2015-08-11","22,2"
"2015-08-12","22,2"
"2015-08-13",16
"2015-08-14","17,6"
"2015-08-15","19,6"
"2015-08-16","18,7"
"2015-08-17",20
"2015-08-18","19,2"
"2015-08-19","17,8"
"2015-08-20","18,9"
"2015-08-21",21
"2015-08-22","19,8"
"2015-08-23","18,4"
"2015-08-24","18,8"
"2015-08-25","20,5"
"2015-08-26","19,2"
"2015-08-27","20,9"
"2015-08-28","21,3"
"2015-08-29","22,7"
"2015-08-30","22,6"
"2015-08-31","18,7"
"2015-09-01","18,6"
"2015-09-02","17,3"
"2015-09-03","16,7"
"2015-09-04","16,8"
"2015-09-05","18,4"
"2015-09-06","17,4"
"2015-09-07","19,6"
"2015-09-08","20,4"
"2015-09-09","18,7"
"2015-09-10","17,5"
"2015-09-11","16,8"
"2015-09-12",16
"2015-09-13","17,7"
"2015-09-14","16,6"
"2015-09-15","17,4"
"2015-09-16","16,2"
"2015-09-17",16
"2015-09-18",15
"2015-09-19","15,2"
"2015-09-20","16,6"
"2015-09-21","16,4"
"2015-09-22","16,2"
"2015-09-23","16,8"
"2015-09-24","17,2"
"2015-09-25","18,9"
"2015-09-26","18,8"
"2015-09-27","18,1"
"2015-09-28","18,3"
"2015-09-29","18,1"
"2015-09-30","13,3"
"2015-10-01","15,9"
"2015-10-02","13,7"
"2015-10-03","11,3"
"2015-10-04","19,8"
"2015-10-05","20,3"
"2015-10-06","15,8"
"2015-10-07","15,2"
"2015-10-08","14,1"
"2015-10-09","17,3"
"2015-10-10","17,4"
"2015-10-11","18,5"
"2015-10-12","16,9"
"2015-10-13",15
"2015-10-14","14,2"
"2015-10-15","14,2"
"2015-10-16","15,1"
"2015-10-17","20,6"
"2015-10-18","16,6"
"2015-10-19","14,4"
"2015-10-20","15,6"
"2015-10-21",0
"2015-10-22","13,2"
"2015-10-23","17,1"
"2015-10-24","17,2"
"2015-10-25","17,3"
"2015-10-26","15,6"
"2015-10-27","12,5"
"2015-10-28",14
"2015-10-29","18,9"
"2015-10-30","19,4"
"2015-10-31","17,2"
"2015-11-01","15,8"
"2015-11-02","16,6"
"2015-11-03","17,2"
"2015-11-04",18
"2015-11-05","19,4"
"2015-11-06","19,4"
"2015-11-07",0
"2015-11-08","18,4"
"2015-11-09","18,9"
"2015-11-10","16,7"
"2015-11-11",15
"2015-11-12",15
"2015-11-13","14,1"
"2015-11-14","13,2"
"2015-11-15","14,5"
"2015-11-16",15
"2015-11-17","16,4"
"2015-11-18","17,6"
"2015-11-19",17
"2015-11-20","16,2"
"2015-11-21","12,6"
"2015-11-22","10,6"
"2015-11-23","8,5"
"2015-11-24",11
"2015-11-25","12,8"
"2015-11-26","11,4"
"2015-11-27","12,8"
"2015-11-28","9,2"
"2015-11-29","11,2"
"2015-11-30",10
"2015-12-01","8,9"
"2015-12-02","14,4"
"2015-12-03","15,8"
"2015-12-04","12,3"
"2015-12-05","12,3"
"2015-12-06","15,3"
"2015-12-07","14,3"
"2015-12-08",11
"2015-12-09","9,8"
"2015-12-10","10,2"
"2015-12-11","9,4"
"2015-12-12",10
"2015-12-13",11
"2015-12-14","16,2"
"2015-12-15","17,1"
"2015-12-16","17,6"
"2015-12-17","17,2"
"2015-12-18","17,4"
"2015-12-19","16,8"
"2015-12-20","12,3"
"2015-12-21","11,8"
"2015-12-22","13,4"
"2015-12-23",12
"2015-12-24","14,2"
"2015-12-25","15,3"
"2015-12-26","14,2"
"2015-12-27","15,9"
"2015-12-28","13,2"
"2015-12-29","12,4"
"2015-12-30","12,3"
"2015-12-31","10,7"
"2016-01-01","12,2"
"2016-01-02","10,6"
"2016-01-03",14
"2016-01-04","9,9"
"2016-01-05","8,6"
"2016-01-06","11,4"
"2016-01-07",14
"2016-01-08","11,9"
"2016-01-09",11
"2016-01-10",11
"2016-01-11","10,8"
"2016-01-12","8,4"
"2016-01-13",9
"2016-01-14","10,4"
"2016-01-15","7,2"
"2016-01-16","7,4"
"2016-01-17",8
"2016-01-18","9,3"
"2016-01-19","9,8"
"2016-01-20","12,4"
"2016-01-21","14,5"
"2016-01-22","16,9"
"2016-01-23","16,2"
"2016-01-24","16,7"
"2016-01-25","11,9"
"2016-01-26","9,7"
"2016-01-27","12,6"
"2016-01-28","8,7"
"2016-01-29","8,3"
"2016-01-30","11,3"
"2016-01-31","13,9"
"2016-02-01","12,8"
"2016-02-02","13,6"
"2016-02-03",9
"2016-02-04","7,8"
"2016-02-05","10,3"
"2016-02-06","10,4"
"2016-02-07","9,8"
"2016-02-08","14,6"
"2016-02-09","12,6"
"2016-02-10","12,2"
"2016-02-11","12,8"
"2016-02-12","14,4"
"2016-02-13",13
"2016-02-14","8,3"
"2016-02-15","8,6"
"2016-02-16","6,1"
"2016-02-17","5,8"
"2016-02-18",7
"2016-02-19","7,2"
"2016-02-20","11,4"
"2016-02-21",12
"2016-02-22","10,3"
"2016-02-23","11,6"
"2016-02-24","12,2"
"2016-02-25","11,4"
"2016-02-26","8,4"
"2016-02-27","7,4"
"2016-02-28","8,7"
"2016-02-29","8,8"
"2016-03-01","7,8"
"2016-03-02","11,8"
"2016-03-03","11,8"
"2016-03-04","8,7"
"2016-03-05","8,6"
"2016-03-06","9,4"
"2016-03-07","8,6"
"2016-03-08","9,5"
"2016-03-09","11,4"
"2016-03-10","11,4"
"2016-03-11","10,6"
"2016-03-12","8,7"
"2016-03-13",10
"2016-03-14","9,4"
"2016-03-15","11,7"
"2016-03-16","7,8"
"2016-03-17","8,6"
"2016-03-18","7,9"
"2016-03-19","11,4"
"2016-03-20","9,6"
"2016-03-21",13
"2016-03-22","12,4"
"2016-03-23","10,8"
"2016-03-24","8,4"
"2016-03-25","11,8"
"2016-03-26","12,8"
"2016-03-27","10,6"
"2016-03-28",14
"2016-03-29","10,9"
"2016-03-30","7,4"
"2016-03-31","8,6"
"2016-04-01","8,3"
"2016-04-02","12,1"
"2016-04-03","10,4"
"2016-04-04","10,6"
"2016-04-05","11,8"
"2016-04-06","10,4"
"2016-04-07","10,6"
"2016-04-08","8,8"
"2016-04-09","11,1"
"2016-04-10","8,4"
"2016-04-11","9,2"
"2016-04-12",12
"2016-04-13","11,4"
"2016-04-14","14,4"
"2016-04-15","11,8"
"2016-04-16",11
"2016-04-17",12
"2016-04-18","12,5"
"2016-04-19","17,6"
"2016-04-20","16,2"
"2016-04-21","15,3"
"2016-04-22","15,4"
"2016-04-23","13,4"
"2016-04-24","11,6"
"2016-04-25","11,8"
"2016-04-26","9,6"
"2016-04-27","10,6"
"2016-04-28","12,1"
"2016-04-29",9
"2016-04-30",11
"2016-05-01","9,4"
"2016-05-02","11,3"
"2016-05-03","13,2"
"2016-05-04","17,2"
"2016-05-05",15
"2016-05-06","14,9"
"2016-05-07","13,9"
"2016-05-08","13,4"
"2016-05-09",15
"2016-05-10","13,3"
"2016-05-11","13,2"
"2016-05-12","13,8"
"2016-05-13","12,6"
"2016-05-14","12,9"
"2016-05-15","14,6"
"2016-05-16","12,4"
"2016-05-17",13
"2016-05-18",14
"2016-05-19","16,6"
"2016-05-20","16,8"
"2016-05-21","15,4"
"2016-05-22","12,4"
"2016-05-23","13,2"
"2016-05-24","16,1"
"2016-05-25","14,2"
"2016-05-26","14,5"
"2016-05-27","15,8"
"2016-05-28","16,4"
"2016-05-29",16
"2016-05-30","15,8"
"2016-05-31","15,6"
"2016-06-01","15,2"
"2016-06-02","15,8"
"2016-06-03","16,6"
"2016-06-04","16,1"
"2016-06-05","15,6"
"2016-06-06","17,8"
"2016-06-07","18,6"
"2016-06-08","18,4"
"2016-06-09","17,6"
"2016-06-10","15,8"
"2016-06-11","16,8"
"2016-06-12","19,6"
"2016-06-13","17,8"
"2016-06-14","16,8"
"2016-06-15","14,2"
"2016-06-16","15,1"
"2016-06-17","15,2"
"2016-06-18","15,6"
"2016-06-19","14,8"
"2016-06-20","17,8"
"2016-06-21","18,9"
"2016-06-22",19
"2016-06-23","18,4"
"2016-06-24","16,8"
"2016-06-25","16,6"
"2016-06-26","17,6"
"2016-06-27",16
"2016-06-28","16,5"
"2016-06-29","18,5"
"2016-06-30","17,8"
"2016-07-01","17,8"
"2016-07-02","18,1"
"2016-07-03","18,1"
"2016-07-04",20
"2016-07-05","20,6"
"2016-07-06","21,8"
"2016-07-07","20,2"
"2016-07-08","19,4"
"2016-07-09","19,2"
"2016-07-10","18,8"
"2016-07-11","18,4"
"2016-07-12","17,2"
"2016-07-13","16,4"
"2016-07-14","17,7"
"2016-07-15","20,4"
"2016-07-16","23,2"
"2016-07-17",24
"2016-07-18","22,8"
"2016-07-19","22,6"
"2016-07-20","20,4"
"2016-07-21","19,4"
"2016-07-22","19,3"
"2016-07-23","18,4"
"2016-07-24","19,5"
"2016-07-25","19,8"
"2016-07-26","21,6"
"2016-07-27","19,9"
"2016-07-28","20,7"
"2016-07-29","19,5"
"2016-07-30","18,8"
"2016-07-31","18,9"
"2016-08-01","16,8"
"2016-08-02","17,4"
"2016-08-03","21,2"
"2016-08-04","19,9"
"2016-08-05","18,4"
"2016-08-06","21,2"
"2016-08-07","21,2"
"2016-08-08","22,4"
"2016-08-09","20,2"
"2016-08-10","18,6"
"2016-08-11","21,4"
"2016-08-12","22,8"
"2016-08-13","17,8"
"2016-08-14","19,4"
"2016-08-15",18
"2016-08-16","20,4"
"2016-08-17","18,6"
"2016-08-18","18,2"
"2016-08-19","20,2"
"2016-08-20","17,8"
"2016-08-21",18
"2016-08-22",23
"2016-08-23","20,3"
"2016-08-24","20,6"
"2016-08-25",19
"2016-08-26","21,4"
"2016-08-27","20,1"
"2016-08-28","18,8"
"2016-08-29",19
"2016-08-30","18,8"
"2016-08-31","18,4"
"2016-09-01","19,9"
"2016-09-02","19,8"
"2016-09-03",21
"2016-09-04","21,6"
"2016-09-05","18,8"
"2016-09-06","21,1"
"2016-09-07","20,2"
"2016-09-08","17,4"
"2016-09-09","17,2"
"2016-09-10",20
"2016-09-11","20,6"
"2016-09-12","21,6"
"2016-09-13","15,8"
"2016-09-14","14,4"
"2016-09-15","16,4"
"2016-09-16","16,6"
"2016-09-17","15,5"
"2016-09-18","14,4"
"2016-09-19","15,3"
"2016-09-20",17
"2016-09-21","15,5"
"2016-09-22","16,9"
"2016-09-23","18,3"
"2016-09-24",17
"2016-09-25","15,9"
"2016-09-26","16,8"
"2016-09-27","18,7"
"2016-09-28","18,5"
"2016-09-29","17,2"
"2016-09-30","15,2"
"2016-10-01","14,2"
"2016-10-02","13,9"
"2016-10-03","15,6"
"2016-10-04","14,6"
"2016-10-05",13
"2016-10-06","15,2"
"2016-10-07",15
"2016-10-08","16,2"
"2016-10-09","15,5"
"2016-10-10",0
"2016-10-11",
"2016-10-12",0
"2016-10-13",
"2016-10-14",
"2016-10-15",
"2016-10-16",16
"2016-10-17","15,2"
"2016-10-18","14,9"
"2016-10-19","15,6"
"2016-10-20","15,6"
"2016-10-21","14,6"
"2016-10-22","15,6"
"2016-10-23","14,8"
"2016-10-24","15,6"
"2016-10-25","16,2"
"2016-10-26","17,2"
"2016-10-27","17,4"
"2016-10-28","19,8"
"2016-10-29","16,4"
"2016-10-30","17,6"
"2016-10-31","17,2"
"2016-11-01","16,8"
"2016-11-02",17
"2016-11-03","16,1"
"2016-11-04","15,4"
"2016-11-05","10,5"
"2016-11-06",9
"2016-11-07",8
"2016-11-08",11
"2016-11-09","11,4"
"2016-11-10","12,6"
"2016-11-11","12,7"
"2016-11-12","14,4"
"2016-11-13","13,2"
"2016-11-14","11,4"
"2016-11-15",11
"2016-11-16","10,5"
"2016-11-17","12,9"
"2016-11-18","11,9"
"2016-11-19","11,8"
"2016-11-20","13,2"
"2016-11-21",9
"2016-11-22","7,2"
"2016-11-23","6,9"
"2016-11-24",8
"2016-11-25","7,6"
"2016-11-26",7
"2016-11-27","9,6"
"2016-11-28","8,4"
"2016-11-29","8,2"
"2016-11-30","10,7"
"2016-12-01","13,3"
"2016-12-02","10,9"
"2016-12-03","11,6"
"2016-12-04","15,4"
"2016-12-05","14,6"
"2016-12-06","14,4"
"2016-12-07","13,8"
"2016-12-08","14,7"
"2016-12-09","14,2"
"2016-12-10",14
"2016-12-11","14,1"
"2016-12-12",13
"2016-12-13",12
"2016-12-14","12,4"
"2016-12-15","8,5"
"2016-12-16","10,6"
"2016-12-17","9,4"
"2016-12-18","8,4"
"2016-12-19","5,6"
"2016-12-20","9,3"
"2016-12-21","9,6"
"2016-12-22","13,4"
"2016-12-23","13,2"
"2016-12-24","13,6"
"2016-12-25","10,7"
"2016-12-26","9,6"
"2016-12-27",7
"2016-12-28",7
"2016-12-29","6,2"
"2016-12-30","6,2"
"2016-12-31","5,7"
"2017-01-01","6,3"
"2017-01-02",12
"2017-01-03","12,4"
"2017-01-04","13,8"
"2017-01-05","11,8"
"2017-01-06","8,2"
"2017-01-07",6
"2017-01-08","6,8"
"2017-01-09","6,7"
"2017-01-10",10
"2017-01-11","11,8"
"2017-01-12","11,6"
"2017-01-13","7,2"
"2017-01-14","6,8"
"2017-01-15","8,1"
"2017-01-16",9
"2017-01-17","9,8"
"2017-01-18","5,9"
"2017-01-19",3
"2017-01-20","3,6"
"2017-01-21","5,8"
"2017-01-22",5
"2017-01-23","5,2"
"2017-01-24","5,3"
"2017-01-25","6,8"
"2017-01-26",11
"2017-01-27","8,2"
"2017-01-28","9,3"
"2017-01-29","13,9"
"2017-01-30",14
"2017-01-31","11,4"
"2017-02-01","11,7"
"2017-02-02","11,2"
"2017-02-03","12,2"
"2017-02-04","11,5"
"2017-02-05",10
"2017-02-06","12,9"
"2017-02-07","10,4"
"2017-02-08","7,1"
"2017-02-09","8,4"
"2017-02-10","8,8"
"2017-02-11","7,2"
"2017-02-12","9,8"
"2017-02-13",11
"2017-02-14","10,4"
"2017-02-15","12,3"
"2017-02-16",14
"2017-02-17","12,4"
"2017-02-18","8,2"
"2017-02-19","8,6"
"2017-02-20","9,6"
"2017-02-21","10,6"
"2017-02-22","9,6"
"2017-02-23","11,6"
"2017-02-24","9,9"
"2017-02-25","9,5"
"2017-02-26","12,2"
"2017-02-27","11,6"
"2017-02-28","10,8"
"2017-03-01","12,8"
"2017-03-02","13,2"
"2017-03-03","8,8"
"2017-03-04","8,8"
"2017-03-05",14
"2017-03-06","12,2"
"2017-03-07","13,6"
"2017-03-08","11,6"
"2017-03-09","13,8"
"2017-03-10","17,8"
"2017-03-11","12,7"
"2017-03-12","10,7"
"2017-03-13","11,6"
"2017-03-14","13,6"
"2017-03-15","12,6"
"2017-03-16","14,6"
"2017-03-17","12,4"
"2017-03-18","9,4"
"2017-03-19","9,8"
"2017-03-20","12,1"
"2017-03-21","10,6"
"2017-03-22","5,8"
"2017-03-23",6
"2017-03-24","8,6"
"2017-03-25","6,4"
"2017-03-26","9,8"
"2017-03-27","11,9"
"2017-03-28","14,8"
"2017-03-29","16,8"
"2017-03-30","16,6"
"2017-03-31","12,9"
"2017-04-01","11,9"
"2017-04-02",11
"2017-04-03","10,6"
"2017-04-04",11
"2017-04-05","13,8"
"2017-04-06","14,2"
"2017-04-07","15,2"
"2017-04-08","14,2"
"2017-04-09","16,1"
"2017-04-10","15,8"
"2017-04-11",13
"2017-04-12",13
"2017-04-13","11,4"
"2017-04-14","13,8"
"2017-04-15","11,6"
"2017-04-16",14
"2017-04-17","14,4"
"2017-04-18","14,3"
"2017-04-19","16,1"
"2017-04-20","16,2"
"2017-04-21","15,2"
"2017-04-22","16,4"
"2017-04-23","13,7"
"2017-04-24","12,4"
"2017-04-25","12,6"
"2017-04-26","9,7"
"2017-04-27","7,8"
"2017-04-28","10,6"
"2017-04-29","11,4"
"2017-04-30","9,6"
"2017-05-01","11,5"
"2017-05-02","12,7"
"2017-05-03","15,8"
"2017-05-04","19,6"
"2017-05-05","14,8"
"2017-05-06",16
"2017-05-07","18,3"
"2017-05-08","19,6"
"2017-05-09","17,4"
"2017-05-10","15,7"
"2017-05-11","15,4"
"2017-05-12","14,1"
"2017-05-13","14,3"
"2017-05-14","16,8"
"2017-05-15","21,2"
"2017-05-16","19,6"
"2017-05-17","13,8"
"2017-05-18","12,8"
"2017-05-19","13,8"
"2017-05-20","13,7"
"2017-05-21","19,8"
"2017-05-22","15,8"
"2017-05-23","18,8"
"2017-05-24","22,6"
"2017-05-25","21,9"
"2017-05-26","17,4"
"2017-05-27",18
"2017-05-28","18,4"
"2017-05-29","17,4"
"2017-05-30","17,1"
"2017-05-31","17,3"
"2017-06-01","16,6"
"2017-06-02","16,2"
"2017-06-03","15,5"
"2017-06-04","14,8"
"2017-06-05","15,2"
"2017-06-06","14,5"
"2017-06-07","14,4"
"2017-06-08","16,2"
"2017-06-09",18
"2017-06-10","18,2"
"2017-06-11","17,6"
"2017-06-12","19,8"
"2017-06-13","19,6"
"2017-06-14","17,1"
"2017-06-15","17,2"
"2017-06-16","19,3"
"2017-06-17","22,8"
"2017-06-18","23,6"
"2017-06-19","21,9"
"2017-06-20","23,9"
"2017-06-21","19,8"
"2017-06-22","19,2"
"2017-06-23","18,3"
"2017-06-24","17,3"
"2017-06-25","18,4"
"2017-06-26",18
"2017-06-27","19,4"
"2017-06-28","15,9"
"2017-06-29","14,9"
"2017-06-30","15,3"
"2017-07-01","15,7"
"2017-07-02","18,4"
"2017-07-03","21,1"
"2017-07-04","25,6"
"2017-07-05","19,4"
"2017-07-06","18,1"
"2017-07-07","18,7"
"2017-07-08","18,6"
"2017-07-09","18,8"
"2017-07-10","16,4"
"2017-07-11","18,4"
"2017-07-12","19,2"
"2017-07-13","19,1"
"2017-07-14","21,5"
"2017-07-15",21
"2017-07-16","21,2"
"2017-07-17",22
"2017-07-18","21,1"
"2017-07-19","18,2"
"2017-07-20","16,6"
"2017-07-21","17,6"
"2017-07-22",18
"2017-07-23","17,5"
"2017-07-24","18,2"
"2017-07-25","19,2"
"2017-07-26","19,8"
"2017-07-27","19,2"
"2017-07-28","20,3"
"2017-07-29","22,6"
"2017-07-30","18,4"
"2017-07-31","18,3"
"2017-08-01","16,9"
"2017-08-02","20,5"
"2017-08-03","21,4"
"2017-08-04","21,4"
"2017-08-05","18,6"
"2017-08-06","20,2"
"2017-08-07","17,3"
"2017-08-08",17
"2017-08-09","16,6"
"2017-08-10","16,4"
"2017-08-11","16,4"
"2017-08-12","16,6"
"2017-08-13","20,3"
"2017-08-14","19,5"
"2017-08-15","17,7"
"2017-08-16",19
"2017-08-17","22,8"
"2017-08-18","20,6"
"2017-08-19","19,4"
"2017-08-20","21,2"
"2017-08-21","26,1"
"2017-08-22","19,8"
"2017-08-23","19,4"
"2017-08-24","19,9"
"2017-08-25","20,2"
"2017-08-26","20,4"
"2017-08-27","19,4"
"2017-08-28","19,5"
"2017-08-29","19,2"
"2017-08-30",17
"2017-08-31","16,2"
"2017-09-01","14,8"
"2017-09-02","15,8"
"2017-09-03","18,1"
"2017-09-04","19,5"
"2017-09-05","20,2"
"2017-09-06","17,6"
"2017-09-07","14,8"
"2017-09-08","15,8"
"2017-09-09","16,6"
"2017-09-10","16,1"
"2017-09-11","18,1"
"2017-09-12","19,3"
"2017-09-13","20,5"
"2017-09-14",15
"2017-09-15","13,2"
"2017-09-16","13,4"
"2017-09-17","15,6"
"2017-09-18","17,2"
"2017-09-19",16
"2017-09-20","15,1"
"2017-09-21",15
"2017-09-22","16,8"
"2017-09-23","16,8"
"2017-09-24","16,2"
"2017-09-25","16,9"
"2017-09-26","16,4"
"2017-09-27","19,8"
"2017-09-28","20,6"
"2017-09-29","17,1"
"2017-09-30","16,4"
"2017-10-01",19
"2017-10-02",20
"2017-10-03","18,1"
"2017-10-04","18,5"
"2017-10-05","17,4"
"2017-10-06","16,8"
"2017-10-07","16,1"
"2017-10-08","15,3"
"2017-10-09","13,8"
"2017-10-10","14,4"
"2017-10-11","14,8"
"2017-10-12","13,8"
"2017-10-13",16
"2017-10-14","17,4"
"2017-10-15",25
"2017-10-16","17,8"
"2017-10-17","16,3"
"2017-10-18","14,2"
"2017-10-19","14,9"
"2017-10-20","18,4"
"2017-10-21","13,3"
"2017-10-22","12,4"
"2017-10-23",12
"2017-10-24",17
"2017-10-25",17
"2017-10-26","18,9"
"2017-10-27","18,2"
"2017-10-28","15,1"
"2017-10-29","13,4"
"2017-10-30","15,8"
"2017-10-31","13,8"
"2017-11-01","15,6"
"2017-11-02","16,4"
"2017-11-03","14,8"
"2017-11-04","13,8"
"2017-11-05","11,6"
"2017-11-06","10,2"
"2017-11-07","8,4"
"2017-11-08",9
"2017-11-09","9,8"
"2017-11-10",13
"2017-11-11","13,4"
"2017-11-12",14
"2017-11-13",11
"2017-11-14","9,2"
"2017-11-15","10,6"
"2017-11-16","9,1"
"2017-11-17","10,2"
"2017-11-18","10,1"
"2017-11-19","10,9"
"2017-11-20","11,9"
"2017-11-21","13,6"
"2017-11-22",17
"2017-11-23","15,6"
"2017-11-24",12
"2017-11-25","7,8"
"2017-11-26","6,8"
"2017-11-27","6,6"
"2017-11-28","6,4"
"2017-11-29","6,5"
"2017-11-30","5,5"
"2017-12-01","6,4"
"2017-12-02","5,8"
"2017-12-03","5,8"
"2017-12-04","8,4"
"2017-12-05","7,8"
"2017-12-06","6,7"
"2017-12-07","11,5"
"2017-12-08","11,8"
"2017-12-09","12,8"
"2017-12-10","11,6"
"2017-12-11","8,6"
"2017-12-12","8,2"
"2017-12-13","12,5"
"2017-12-14","12,4"
"2017-12-15","8,4"
"2017-12-16","6,8"
"2017-12-17","6,5"
"2017-12-18","7,2"
"2017-12-19","9,4"
"2017-12-20","6,8"
"2017-12-21","8,8"
"2017-12-22","7,4"
"2017-12-23","7,8"
"2017-12-24","9,2"
"2017-12-25","8,4"
"2017-12-26","10,2"
"2017-12-27","9,7"
"2017-12-28","11,3"
"2017-12-29","15,3"
"2017-12-30","15,8"
"2017-12-31","11,2"
"2018-01-01","12,3"
"2018-01-02","15,6"
"2018-01-03","16,6"
"2018-01-04","15,1"
"2018-01-05","8,7"
"2018-01-06","5,8"
"2018-01-07",6
"2018-01-08","8,4"
"2018-01-09","11,1"
"2018-01-10","9,3"
"2018-01-11","8,4"
"2018-01-12",8
"2018-01-13","8,7"
"2018-01-14","7,4"
"2018-01-15","6,9"
"2018-01-16","13,2"
"2018-01-17","10,4"
"2018-01-18","8,9"
"2018-01-19","11,4"
"2018-01-20","11,2"
"2018-01-21","13,7"
"2018-01-22","13,6"
"2018-01-23","13,9"
"2018-01-24","12,1"
"2018-01-25","9,2"
"2018-01-26","8,8"
"2018-01-27","7,7"
"2018-01-28","9,9"
"2018-01-29","9,4"
"2018-01-30","7,2"
"2018-01-31","7,2"
"2018-02-01","8,2"
"2018-02-02","6,4"
"2018-02-03","7,6"
"2018-02-04","5,8"
"2018-02-05","6,2"
"2018-02-06","5,7"
"2018-02-07","4,8"
"2018-02-08",5
"2018-02-09","7,3"
"2018-02-10","7,6"
"2018-02-11",8
"2018-02-12","5,7"
"2018-02-13","8,5"
"2018-02-14","14,1"
"2018-02-15","13,6"
"2018-02-16","10,8"
"2018-02-17","8,4"
"2018-02-18","7,8"
"2018-02-19","10,4"
"2018-02-20","11,4"
"2018-02-21","10,4"
"2018-02-22","6,9"
"2018-02-23","6,7"
"2018-02-24","6,6"
"2018-02-25","8,6"
"2018-02-26","8,4"
"2018-02-27",6
"2018-02-28","3,6"
"2018-03-01","7,9"
"2018-03-02","6,4"
"2018-03-03","10,3"
"2018-03-04","9,3"
"2018-03-05","9,1"
"2018-03-06","8,9"
"2018-03-07","8,7"
"2018-03-08","11,8"
"2018-03-09","15,4"
"2018-03-10","12,3"
"2018-03-11","11,2"
"2018-03-12","10,6"
"2018-03-13","11,6"
"2018-03-14","11,4"
"2018-03-15","9,2"
"2018-03-16","8,6"
"2018-03-17","8,2"
"2018-03-18","7,6"
"2018-03-19","7,4"
"2018-03-20","7,6"
"2018-03-21","6,8"
"2018-03-22","5,3"
"2018-03-23","10,7"
"2018-03-24","8,2"
"2018-03-25","8,4"
"2018-03-26","9,7"
"2018-03-27","14,7"
"2018-03-28","9,3"
"2018-03-29","9,4"
"2018-03-30","7,8"
"2018-03-31","9,6"
"2018-04-01","14,4"
"2018-04-02","13,6"
"2018-04-03","11,6"
"2018-04-04","10,6"
"2018-04-05","12,6"
"2018-04-06","10,6"
"2018-04-07","11,6"
"2018-04-08","11,9"
"2018-04-09","11,6"
"2018-04-10","8,8"
"2018-04-11","8,6"
"2018-04-12","10,9"
"2018-04-13","11,3"
"2018-04-14","11,4"
"2018-04-15","11,6"
"2018-04-16","12,2"
"2018-04-17","17,1"
"2018-04-18","17,1"
"2018-04-19","13,2"
"2018-04-20","14,4"
"2018-04-21","17,1"
"2018-04-22",13
"2018-04-23","13,8"
"2018-04-24",12
"2018-04-25","12,2"
"2018-04-26","11,3"
"2018-04-27","12,1"
"2018-04-28","10,2"
"2018-04-29","9,8"
"2018-04-30","9,5"
"2018-05-01","9,6"
"2018-05-02",13
"2018-05-03","11,6"
"2018-05-04","13,7"
"2018-05-05","13,5"
"2018-05-06","16,3"
"2018-05-07","16,3"
"2018-05-08","14,7"
"2018-05-09","13,7"
"2018-05-10","13,4"
"2018-05-11","11,9"
"2018-05-12","10,8"
"2018-05-13","10,6"
"2018-05-14","14,4"
"2018-05-15","13,7"
"2018-05-16","14,8"
"2018-05-17",15
"2018-05-18","15,8"
"2018-05-19","18,9"
"2018-05-20","15,8"
"2018-05-21",13
"2018-05-22","18,2"
"2018-05-23",17
"2018-05-24","18,2"
"2018-05-25",15
"2018-05-26","14,3"
"2018-05-27","14,8"
"2018-05-28","15,2"
"2018-05-29","15,6"
"2018-05-30","14,8"
"2018-05-31","15,9"
"2018-06-01","15,5"
"2018-06-02","15,4"
"2018-06-03","15,3"
"2018-06-04","14,6"
"2018-06-05","14,6"
"2018-06-06","16,1"
"2018-06-07","16,4"
"2018-06-08","14,4"
"2018-06-09","14,7"
"2018-06-10","16,3"
"2018-06-11","14,5"
"2018-06-12",16
"2018-06-13","16,2"
"2018-06-14","17,3"
"2018-06-15","15,2"
"2018-06-16","14,8"
"2018-06-17","16,6"
"2018-06-18",19
"2018-06-19","21,1"
"2018-06-20","20,2"
"2018-06-21","20,2"
"2018-06-22","22,3"
"2018-06-23","23,4"
"2018-06-24","22,3"
"2018-06-25","17,1"
"2018-06-26","16,7"
"2018-06-27","17,3"
"2018-06-28","17,2"
"2018-06-29","21,3"
"2018-06-30","17,8"
"2018-07-01","18,5"
"2018-07-02","19,4"
"2018-07-03","19,2"
"2018-07-04","18,8"
"2018-07-05","18,5"
"2018-07-06","18,9"
"2018-07-07","19,9"
"2018-07-08","20,5"
"2018-07-09",24
"2018-07-10","21,4"
"2018-07-11","19,4"
"2018-07-12","21,2"
"2018-07-13","21,4"
"2018-07-14","21,4"
"2018-07-15","18,8"
"2018-07-16","19,2"
"2018-07-17","17,8"
"2018-07-18","20,8"
"2018-07-19",20
"2018-07-20","18,8"
"2018-07-21",17
"2018-07-22","20,6"
"2018-07-23","20,3"
"2018-07-24","20,8"
"2018-07-25","21,9"
"2018-07-26","20,8"
"2018-07-27",21
"2018-07-28","18,2"
"2018-07-29","18,5"
"2018-07-30","19,8"
"2018-07-31","18,8"
"2018-08-01",19
"2018-08-02","23,2"
"2018-08-03","24,4"
"2018-08-04",23
"2018-08-05",24
"2018-08-06","19,9"
"2018-08-07","19,4"
"2018-08-08","18,4"
"2018-08-09","16,9"
"2018-08-10","15,2"
"2018-08-11",18
"2018-08-12","20,1"
"2018-08-13","18,6"
"2018-08-14","21,6"
"2018-08-15","20,4"
"2018-08-16","19,8"
"2018-08-17","19,4"
"2018-08-18",21
"2018-08-19",20
"2018-08-20","20,8"
"2018-08-21","21,4"
"2018-08-22","21,7"
"2018-08-23","19,2"
"2018-08-24",19
"2018-08-25","16,5"
"2018-08-26","17,5"
"2018-08-27","21,4"
"2018-08-28","22,8"
"2018-08-29","17,7"
"2018-08-30","16,8"
"2018-08-31","18,8"
"2018-09-01",22
"2018-09-02","25,4"
"2018-09-03","22,6"
"2018-09-04","19,4"
"2018-09-05",19
"2018-09-06","19,4"
"2018-09-07","19,4"
"2018-09-08","20,1"
"2018-09-09","18,3"
"2018-09-10","18,7"
"2018-09-11","18,6"
"2018-09-12","18,4"
"2018-09-13","18,6"
"2018-09-14","19,5"
"2018-09-15","18,6"
"2018-09-16",18
"2018-09-17","20,3"
"2018-09-18","19,1"
"2018-09-19",18
"2018-09-20","19,2"
"2018-09-21","18,2"
"2018-09-22","19,4"
"2018-09-23","19,7"
"2018-09-24","18,6"
"2018-09-25","18,2"
"2018-09-26","20,7"
"2018-09-27","19,8"
"2018-09-28","17,7"
"2018-09-29",18
"2018-09-30","16,6"
"2018-10-01","17,8"
"2018-10-02","15,6"
"2018-10-03","17,6"
"2018-10-04","19,5"
"2018-10-05","14,2"
"2018-10-06","12,4"
"2018-10-07",12
"2018-10-08","12,8"
"2018-10-09","16,4"
"2018-10-10",17
"2018-10-11","17,3"
"2018-10-12","19,6"
"2018-10-13",19
"2018-10-14","13,4"
"2018-10-15","16,1"
"2018-10-16","13,8"
"2018-10-17",14
"2018-10-18","16,1"
"2018-10-19",18
"2018-10-20","17,4"
"2018-10-21",17
"2018-10-22","16,2"
"2018-10-23","16,9"
"2018-10-24","15,8"
"2018-10-25","14,7"
"2018-10-26","13,5"
"2018-10-27","9,1"
"2018-10-28","8,4"
"2018-10-29","9,2"
"2018-10-30",11
"2018-10-31","10,4"
"2018-11-01","11,2"
"2018-11-02","14,1"
"2018-11-03","12,7"
"2018-11-04","12,9"
"2018-11-05","11,4"
"2018-11-06",12
"2018-11-07",12
"2018-11-08","10,4"
"2018-11-09","11,8"
"2018-11-10","14,6"
"2018-11-11","11,5"
"2018-11-12","10,9"
"2018-11-13","9,1"
"2018-11-14",13
"2018-11-15","16,2"
"2018-11-16","16,2"
"2018-11-17","15,2"
"2018-11-18","13,2"
"2018-11-19","12,1"
"2018-11-20","9,6"
"2018-11-21","9,4"
"2018-11-22",10
"2018-11-23",10
"2018-11-24","9,3"
"2018-11-25","6,9"
"2018-11-26","10,4"
"2018-11-27","11,2"
"2018-11-28","14,2"
"2018-11-29",13
"2018-11-30","11,7"
"2018-12-01","14,2"
"2018-12-02","15,6"
"2018-12-03",16
"2018-12-04","14,6"
"2018-12-05","13,8"
"2018-12-06","12,9"
"2018-12-07",11
"2018-12-08","10,9"
"2018-12-09","9,9"
"2018-12-10","9,3"
"2018-12-11","10,9"
"2018-12-12",9
"2018-12-13","10,8"
"2018-12-14","10,5"
"2018-12-15","12,9"
"2018-12-16",10
"2018-12-17","9,7"
"2018-12-18",11
"2018-12-19",11
"2018-12-20","12,2"
"2018-12-21","15,2"
"2018-12-22","13,1"
"2018-12-23","13,6"
"2018-12-24","11,1"
"2018-12-25",11
"2018-12-26","10,8"
"2018-12-27",13
"2018-12-28","12,7"
"2018-12-29","8,6"
"2018-12-30","8,8"
"2018-12-31","7,6"
"2019-01-01","7,1"
"2019-01-02","5,2"
"2019-01-03",6
"2019-01-04","6,2"
"2019-01-05","4,7"
"2019-01-06",5
"2019-01-07","4,8"
"2019-01-08",5
"2019-01-09","5,9"
"2019-01-10","8,9"
"2019-01-11","5,8"
"2019-01-12",5
"2019-01-13","9,2"
"2019-01-14",8
"2019-01-15",7
"2019-01-16","10,9"
"2019-01-17","7,8"
"2019-01-18","7,3"
"2019-01-19","10,6"
"2019-01-20","10,2"
"2019-01-21","7,6"
"2019-01-22","9,2"
"2019-01-23","11,2"
"2019-01-24","11,5"
"2019-01-25",8
"2019-01-26","6,4"
"2019-01-27","10,4"
"2019-01-28","10,8"
"2019-01-29","9,6"
"2019-01-30","9,4"
"2019-01-31",11
"2019-02-01","7,2"
"2019-02-02","6,6"
"2019-02-03","5,6"
"2019-02-04","8,8"
"2019-02-05","12,2"
"2019-02-06","11,5"
"2019-02-07","10,6"
"2019-02-08","10,3"
"2019-02-09","12,4"
"2019-02-10","9,8"
"2019-02-11","7,7"
"2019-02-12","7,8"
"2019-02-13",11
"2019-02-14",0
"2019-02-15","13,9"
"2019-02-16","13,1"
"2019-02-17","10,8"
"2019-02-18","8,9"
"2019-02-19","7,2"
"2019-02-20","9,4"
"2019-02-21","14,1"
"2019-02-22",15
"2019-02-23",15
"2019-02-24","14,4"
"2019-02-25","15,5"
"2019-02-26","14,8"
"2019-02-27",13
"2019-02-28","11,7"
"2019-03-01","13,4"
"2019-03-02","13,3"
"2019-03-03","14,6"
"2019-03-04","10,7"
"2019-03-05","12,6"
"2019-03-06","10,6"
"2019-03-07","9,8"
"2019-03-08","10,2"
"2019-03-09",14
"2019-03-10","12,4"
"2019-03-11","9,7"
"2019-03-12","9,5"
"2019-03-13","8,6"
"2019-03-14","8,8"
"2019-03-15","9,2"
"2019-03-16",8
"2019-03-17","7,8"
"2019-03-18","7,1"
"2019-03-19","8,3"
"2019-03-20","11,4"
"2019-03-21",10
"2019-03-22","11,8"
"2019-03-23","11,4"
"2019-03-24","12,9"
"2019-03-25","11,6"
"2019-03-26","14,1"
"2019-03-27","13,6"
"2019-03-28","13,4"
"2019-03-29","12,5"
"2019-03-30","10,3"
"2019-03-31","11,8"
"2019-04-01","13,2"
"2019-04-02","11,4"
"2019-04-03","8,8"
"2019-04-04","7,6"
"2019-04-05","7,1"
"2019-04-06","8,5"
"2019-04-07",9
"2019-04-08","11,6"
"2019-04-09","10,8"
"2019-04-10","10,8"
"2019-04-11","9,2"
"2019-04-12","10,6"
"2019-04-13","14,2"
"2019-04-14","18,4"
"2019-04-15",13
"2019-04-16","14,3"
"2019-04-17",14
"2019-04-18","13,7"
"2019-04-19","15,6"
"2019-04-20","14,8"
"2019-04-21","13,2"
"2019-04-22","12,9"
"2019-04-23","10,2"
"2019-04-24","10,4"
"2019-04-25","9,8"
"2019-04-26","11,8"
"2019-04-27","11,9"
"2019-04-28","12,6"
"2019-04-29","13,6"
"2019-04-30","13,8"
"2019-05-01",13
"2019-05-02","13,3"
"2019-05-03","10,6"
"2019-05-04","11,5"
"2019-05-05","15,4"
"2019-05-06","15,1"
"2019-05-07","15,6"
"2019-05-08","14,2"
"2019-05-09","13,7"
"2019-05-10",15
"2019-05-11","13,1"
"2019-05-12",16
"2019-05-13","18,9"
"2019-05-14","19,2"
"2019-05-15","14,7"
"2019-05-16","12,9"
"2019-05-17","11,8"
"2019-05-18","11,8"
"2019-05-19",11
"2019-05-20","12,2"
"2019-05-21","15,6"
"2019-05-22","15,6"
"2019-05-23",15
"2019-05-24",14
"2019-05-25","14,6"
"2019-05-26","14,8"
"2019-05-27","14,1"
"2019-05-28","12,8"
"2019-05-29","15,1"
"2019-05-30",20
"2019-05-31","23,3"
"2019-06-01","19,9"
"2019-06-02","17,7"
"2019-06-03","16,4"
"2019-06-04","14,6"
"2019-06-05",13
"2019-06-06","13,4"
"2019-06-07","12,8"
"2019-06-08","11,5"
"2019-06-09","13,5"
"2019-06-10","12,6"
"2019-06-11","13,7"
"2019-06-12","13,4"
"2019-06-13","12,4"
"2019-06-14",12
"2019-06-15","14,2"
"2019-06-16","13,6"
"2019-06-17","14,8"
"2019-06-18","17,3"
"2019-06-19","16,4"
"2019-06-20","16,2"
"2019-06-21","15,8"
"2019-06-22","17,3"
"2019-06-23","19,8"
"2019-06-24","17,6"
"2019-06-25",19
"2019-06-26","19,6"
"2019-06-27","18,3"
"2019-06-28","16,2"
"2019-06-29","17,6"
"2019-06-30","17,1"
"2019-07-01","18,4"
"2019-07-02","18,5"
"2019-07-03","21,8"
"2019-07-04","20,1"
"2019-07-05","18,9"
"2019-07-06","18,9"
"2019-07-07","18,2"
"2019-07-08","18,5"
"2019-07-09","18,1"
"2019-07-10","20,2"
"2019-07-11",19
"2019-07-12","20,7"
"2019-07-13","22,3"
"2019-07-14","20,6"
"2019-07-15","18,5"
"2019-07-16","18,8"
"2019-07-17",18
"2019-07-18","17,8"
"2019-07-19","20,1"
"2019-07-20",20
"2019-07-21","19,5"
"2019-07-22","21,6"
"2019-07-23","20,8"
"2019-07-24","20,3"
"2019-07-25","21,6"
"2019-07-26","19,9"
"2019-07-27","17,2"
"2019-07-28","17,8"
"2019-07-29","18,2"
"2019-07-30","16,8"
"2019-07-31","15,8"
"2019-08-01","20,4"
"2019-08-02","19,1"
"2019-08-03",20
"2019-08-04","19,2"
"2019-08-05","19,5"
"2019-08-06","21,3"
"2019-08-07","20,9"
"2019-08-08","22,9"
"2019-08-09","20,6"
"2019-08-10","19,4"
"2019-08-11","16,9"
"2019-08-12","16,3"
"2019-08-13","15,1"
"2019-08-14","17,8"
"2019-08-15","18,4"
"2019-08-16","18,8"
"2019-08-17","22,8"
"2019-08-18","17,3"
"2019-08-19",16
"2019-08-20","19,6"
"2019-08-21","19,6"
"2019-08-22","21,6"
"2019-08-23","24,7"
"2019-08-24",19
"2019-08-25","19,4"
"2019-08-26",20
"2019-08-27","20,6"
"2019-08-28",19
"2019-08-29","18,7"
"2019-08-30","20,4"
"2019-08-31","18,7"
"2019-09-01","17,8"
"2019-09-02","21,2"
"2019-09-03","20,4"
"2019-09-04",17
"2019-09-05","18,6"
"2019-09-06",19
"2019-09-07","17,5"
"2019-09-08","18,6"
"2019-09-09","15,4"
"2019-09-10","16,4"
"2019-09-11",15
"2019-09-12","18,4"
"2019-09-13","19,2"
"2019-09-14","20,7"
"2019-09-15",20
"2019-09-16","19,3"
"2019-09-17","21,6"
"2019-09-18","21,6"
"2019-09-19","19,8"
"2019-09-20","18,6"
"2019-09-21","18,6"
"2019-09-22",18
"2019-09-23","17,6"
"2019-09-24","18,6"
"2019-09-25",18
"2019-09-26","19,4"
"2019-09-27","15,9"
"2019-09-28","15,6"
"2019-09-29",19
"2019-09-30","21,5"
"2019-10-01","18,8"
"2019-10-02","15,6"
"2019-10-03","15,7"
"2019-10-04","15,2"
"2019-10-05","15,4"
"2019-10-06","15,8"
"2019-10-07","16,4"
"2019-10-08","15,6"
"2019-10-09","14,6"
"2019-10-10","14,2"
"2019-10-11","15,6"
"2019-10-12","18,6"
"2019-10-13","15,4"
"2019-10-14","12,5"
"2019-10-15","13,2"
"2019-10-16","16,4"
"2019-10-17","15,2"
"2019-10-18","14,9"
"2019-10-19",12
"2019-10-20","12,5"
"2019-10-21","10,2"
"2019-10-22","10,2"
"2019-10-23","12,5"
"2019-10-24",15
"2019-10-25","16,4"
"2019-10-26","17,9"
"2019-10-27","18,6"
"2019-10-28","17,9"
"2019-10-29","18,8"
"2019-10-30","18,8"
"2019-10-31","18,8"
"2019-11-01","18,8"
"2019-11-02","14,8"
"2019-11-03","13,8"
"2019-11-04",13
"2019-11-05","13,2"
"2019-11-06","12,8"
"2019-11-07","8,9"
"2019-11-08","10,9"
"2019-11-09","12,4"
"2019-11-10","10,6"
"2019-11-11","11,4"
"2019-11-12","11,8"
"2019-11-13","10,8"
"2019-11-14","9,2"
"2019-11-15","8,2"
"2019-11-16","8,6"
"2019-11-17",11
"2019-11-18",9
"2019-11-19","7,9"
"2019-11-20","9,3"
"2019-11-21",10
"2019-11-22","12,2"
"2019-11-23","11,1"
"2019-11-24","11,6"
"2019-11-25","13,8"
"2019-11-26","14,6"
"2019-11-27","12,8"
"2019-11-28","12,2"
"2019-11-29","12,7"
"2019-11-30","13,2"
"2019-12-01",11
"2019-12-02","9,2"
"2019-12-03",7
"2019-12-04","5,5"
"2019-12-05","8,2"
"2019-12-06","9,6"
"2019-12-07","12,2"
"2019-12-08",11
"2019-12-09",9
"2019-12-10","9,2"
"2019-12-11","10,2"
"2019-12-12","12,4"
"2019-12-13","13,4"
"2019-12-14","13,2"
"2019-12-15","11,2"
"2019-12-16","7,4"
"2019-12-17","6,4"
"2019-12-18","12,4"
"2019-12-19","10,8"
"2019-12-20","9,6"
"2019-12-21","13,5"
"2019-12-22","11,6"
"2019-12-23",12
"2019-12-24","14,4"
"2019-12-25","14,4"
"2019-12-26","9,2"
"2019-12-27","7,2"
"2019-12-28","9,1"
"2019-12-29","11,1"
"2019-12-30","9,7"
"2019-12-31","11,1"
"2020-01-01","6,4"
"2020-01-02","6,7"
"2020-01-03","9,6"
"2020-01-04","7,4"
"2020-01-05","5,4"
"2020-01-06","7,2"
"2020-01-07","8,8"
"2020-01-08","12,9"
"2020-01-09",12
"2020-01-10",8
"2020-01-11",7
"2020-01-12","8,4"
"2020-01-13","10,8"
"2020-01-14",14
"2020-01-15","11,6"
"2020-01-16","12,2"
"2020-01-17","9,2"
"2020-01-18","11,4"
"2020-01-19","9,6"
"2020-01-20","8,6"
"2020-01-21","8,4"
"2020-01-22",11
"2020-01-23","7,4"
"2020-01-24","9,4"
"2020-01-25",8
"2020-01-26",9
"2020-01-27","12,4"
"2020-01-28","10,4"
"2020-01-29",13
"2020-01-30","15,2"
"2020-01-31","15,6"
"2020-02-01","16,6"
"2020-02-02","17,8"
"2020-02-03","17,2"
"2020-02-04",11
"2020-02-05","8,6"
"2020-02-06","12,2"
"2020-02-07",13
"2020-02-08","10,9"
"2020-02-09",13
"2020-02-10","14,9"
"2020-02-11","11,2"
"2020-02-12","11,2"
"2020-02-13","13,4"
"2020-02-14","13,1"
"2020-02-15","13,2"
"2020-02-16","14,2"
"2020-02-17","8,7"
"2020-02-18","7,6"
"2020-02-19","8,2"
"2020-02-20","9,4"
"2020-02-21",10
"2020-02-22","10,4"
"2020-02-23","8,5"
"2020-02-24","9,8"
"2020-02-25","11,2"
"2020-02-26","11,3"
"2020-02-27","14,6"
"2020-02-28","14,2"
"2020-02-29","11,4"
"2020-03-01","12,9"
"2020-03-02","9,5"
"2020-03-03","12,6"
"2020-03-04","16,3"
"2020-03-05","11,7"
"2020-03-06","9,7"
"2020-03-07","11,6"
"2020-03-08","11,9"
"2020-03-09","10,6"
"2020-03-10","12,3"
"2020-03-11",13
"2020-03-12","10,9"
"2020-03-13",10
"2020-03-14","10,2"
"2020-03-15","7,9"
"2020-03-16","9,7"
"2020-03-17","12,9"
"2020-03-18","11,6"
"2020-03-19","11,2"
"2020-03-20","13,8"
"2020-03-21","13,4"
"2020-03-22","12,8"
"2020-03-23","11,3"
"2020-03-24","12,6"
"2020-03-25","10,9"
"2020-03-26","10,2"
"2020-03-27","10,4"
"2020-03-28","11,1"
"2020-03-29",10
"2020-03-30","7,8"
"2020-03-31","7,5"
"2020-04-01",0
"2020-04-02","11,4"
"2020-04-03","9,8"
"2020-04-04","14,4"
"2020-04-05","14,4"
"2020-04-06",13
"2020-04-07",16
"2020-04-08",14
"2020-04-09",16
"2020-04-10","14,6"
"2020-04-11","13,6"
"2020-04-12","11,4"
"2020-04-13","11,4"
"2020-04-14","16,4"
"2020-04-15","15,2"
"2020-04-16","13,8"
"2020-04-17","14,8"
"2020-04-18","13,8"
"2020-04-19","12,5"
"2020-04-20","12,8"
"2020-04-21","13,8"
"2020-04-22","10,8"
"2020-04-23","11,1"
"2020-04-24","14,2"
"2020-04-25","14,5"
"2020-04-26","15,2"
"2020-04-27",13
"2020-04-28","13,4"
"2020-04-29","13,3"
"2020-04-30","14,3"
"2020-05-01","17,6"
"2020-05-02",18
"2020-05-03","17,4"
"2020-05-04","19,6"
"2020-05-05","17,6"
"2020-05-06","18,5"
"2020-05-07","15,7"
"2020-05-08","15,6"
"2020-05-09",17
"2020-05-10","14,8"
"2020-05-11",14
"2020-05-12","14,5"
"2020-05-13","15,1"
"2020-05-14","14,4"
"2020-05-15","13,6"
"2020-05-16","15,4"
"2020-05-17","14,4"
"2020-05-18","15,6"
"2020-05-19",16
"2020-05-20","14,4"
"2020-05-21","16,2"
"2020-05-22","16,4"
"2020-05-23","15,5"
"2020-05-24","16,8"
"2020-05-25","17,8"
"2020-05-26","20,9"
"2020-05-27","22,6"
"2020-05-28","23,7"
"2020-05-29","19,1"
"2020-05-30","18,4"
"2020-05-31","17,4"
"2020-06-01","18,6"
"2020-06-02","19,3"
"2020-06-03","17,2"
"2020-06-04","14,4"
"2020-06-05","14,6"
"2020-06-06","15,9"
"2020-06-07","14,4"
"2020-06-08","14,5"
"2020-06-09","14,2"
"2020-06-10",13
"2020-06-11","14,2"
"2020-06-12",15
"2020-06-13",16
"2020-06-14","15,6"
"2020-06-15","16,6"
"2020-06-16","15,7"
"2020-06-17","14,8"
"2020-06-18","13,8"
"2020-06-19","15,8"
"2020-06-20","19,5"
"2020-06-21","17,2"
"2020-06-22","17,8"
"2020-06-23","19,2"
"2020-06-24","17,8"
"2020-06-25","17,8"
"2020-06-26","18,8"
"2020-06-27","18,6"
"2020-06-28",18
"2020-06-29","17,2"
"2020-06-30",18
"2020-07-01","17,5"
"2020-07-02",16
"2020-07-03",14
"2020-07-04","16,8"
"2020-07-05","18,1"
"2020-07-06","19,2"
"2020-07-07","20,5"
"2020-07-08","20,4"
"2020-07-09","18,4"
"2020-07-10","18,8"
"2020-07-11","22,1"
"2020-07-12","22,3"
"2020-07-13",21
"2020-07-14","17,7"
"2020-07-15","18,8"
"2020-07-16","18,8"
"2020-07-17","20,6"
"2020-07-18","21,8"
"2020-07-19","19,6"
"2020-07-20","19,2"
"2020-07-21","21,7"
"2020-07-22","21,4"
"2020-07-23","18,9"
"2020-07-24","18,1"
"2020-07-25","20,4"
"2020-07-26","19,6"
"2020-07-27","20,4"
"2020-07-28","20,2"
"2020-07-29","22,2"
"2020-07-30","21,6"
"2020-07-31","20,6"
"2020-08-01","19,2"
"2020-08-02","18,2"
"2020-08-03",18
"2020-08-04","20,1"
"2020-08-05","18,6"
"2020-08-06","21,6"
"2020-08-07","21,8"
"2020-08-08","20,2"
"2020-08-09","19,3"
"2020-08-10","19,9"
"2020-08-11","19,8"
"2020-08-12","18,4"
"2020-08-13","19,1"
"2020-08-14",18
"2020-08-15","18,4"
"2020-08-16","20,1"
"2020-08-17","20,8"
"2020-08-18","22,2"
"2020-08-19","21,2"
"2020-08-20","20,2"
"2020-08-21","20,4"
"2020-08-22","18,6"
"2020-08-23","18,9"
"2020-08-24","19,2"
"2020-08-25","19,7"
"2020-08-26","22,3"
"2020-08-27",22
"2020-08-28","17,9"
"2020-08-29",17
"2020-08-30","15,6"
"2020-08-31","14,8"
"2020-09-01","18,1"
"2020-09-02","16,4"
"2020-09-03","18,7"
"2020-09-04","20,9"
"2020-09-05","19,6"
"2020-09-06",19
"2020-09-07","19,8"
"2020-09-08","19,2"
"2020-09-09","19,6"
"2020-09-10","19,6"
"2020-09-11","20,1"
"2020-09-12","21,6"
"2020-09-13","25,8"
"2020-09-14","21,6"
"2020-09-15","21,4"
"2020-09-16","19,4"
"2020-09-17","20,6"
"2020-09-18","20,5"
"2020-09-19","19,1"
"2020-09-20","17,4"
"2020-09-21","18,4"
"2020-09-22","18,6"
"2020-09-23","18,1"
"2020-09-24","15,6"
"2020-09-25","14,5"
"2020-09-26","14,8"
"2020-09-27","13,1"
"2020-09-28",12
"2020-09-29","13,2"
"2020-09-30","15,3"
"2020-10-01","15,8"
"2020-10-02","12,1"
"2020-10-03","13,6"
"2020-10-04",14
"2020-10-05","15,3"
"2020-10-06","18,8"
"2020-10-07",17
"2020-10-08",15
"2020-10-09","15,9"
"2020-10-10","15,4"
"2020-10-11",13
"2020-10-12","11,9"
"2020-10-13","13,6"
"2020-10-14","13,3"
"2020-10-15","11,6"
"2020-10-16",11
"2020-10-17","13,9"
"2020-10-18","15,7"
"2020-10-19","16,8"
"2020-10-20","16,4"
"2020-10-21","14,3"
"2020-10-22","14,8"
"2020-10-23","14,4"
"2020-10-24","16,2"
"2020-10-25","12,4"
"2020-10-26",11
"2020-10-27","14,5"
"2020-10-28","15,2"
"2020-10-29",14
"2020-10-30","14,8"
"2020-10-31","18,2"
"2020-11-01","19,5"
"2020-11-02",14
"2020-11-03","10,1"
"2020-11-04","9,5"
"2020-11-05",13
"2020-11-06","15,2"
"2020-11-07","14,3"
"2020-11-08","15,6"
"2020-11-09","13,2"
"2020-11-10","13,8"
"2020-11-11","13,2"
"2020-11-12","15,6"
"2020-11-13","14,8"
"2020-11-14","16,5"
"2020-11-15","14,4"
"2020-11-16","11,8"
"2020-11-17","12,8"
"2020-11-18","16,8"
"2020-11-19","13,2"
"2020-11-20","10,3"
"2020-11-21","12,1"
"2020-11-22","10,8"
"2020-11-23",10
"2020-11-24","11,3"
"2020-11-25","10,4"
"2020-11-26","10,9"
"2020-11-27",11
"2020-11-28","11,6"
"2020-11-29",11
"2020-11-30","11,8"
"2020-12-01","8,2"
"2020-12-02","9,6"
"2020-12-03","8,2"
"2020-12-04","6,2"
"2020-12-05","7,2"
"2020-12-06",9
"2020-12-07","9,8"
"2020-12-08","8,3"
"2020-12-09","9,2"
"2020-12-10","14,4"
"2020-12-11","13,6"
"2020-12-12","13,2"
"2020-12-13","14,4"
"2020-12-14",11
"2020-12-15","9,9"
"2020-12-16","10,6"
"2020-12-17","10,2"
"2020-12-18","13,1"
"2020-12-19","11,8"
"2020-12-20","12,2"
"2020-12-21","16,6"
"2020-12-22","14,6"
"2020-12-23",9
"2020-12-24",7
"2020-12-25","5,8"
"2020-12-26","4,6"
"2020-12-27","7,4"
"2020-12-28","8,3"
"2020-12-29","7,2"
"2020-12-30","7,8"
"2020-12-31","7,8"
"2021-01-01","6,2"
"2021-01-02","6,4"
"2021-01-03","5,7"
"2021-01-04","3,2"
"2021-01-05",4
"2021-01-06",3
"2021-01-07","3,2"
"2021-01-08","2,8"
"2021-01-09","4,4"
"2021-01-10","7,6"
"2021-01-11","5,4"
"2021-01-12","4,2"
"2021-01-13","4,4"
"2021-01-14","8,5"
"2021-01-15","7,3"
"2021-01-16","6,2"
"2021-01-17","10,9"
"2021-01-18","10,5"
"2021-01-19","9,3"
"2021-01-20","11,2"
"2021-01-21","12,8"
"2021-01-22","10,1"
"2021-01-23","12,2"
"2021-01-24","10,8"
"2021-01-25","11,9"
"2021-01-26","14,2"
"2021-01-27","14,7"
"2021-01-28","14,6"
"2021-01-29","14,8"
"2021-01-30","11,3"
"2021-01-31","13,8"
"2021-02-01",14
"2021-02-02","14,2"
"2021-02-03","12,1"
"2021-02-04","11,2"
"2021-02-05","9,1"
"2021-02-06","7,8"
"2021-02-07","7,7"
"2021-02-08","9,9"
"2021-02-09","9,4"
"2021-02-10",11
"2021-02-11","12,8"
"2021-02-12","13,4"
"2021-02-13","13,4"
"2021-02-14","15,4"
"2021-02-15","17,8"
"2021-02-16","12,9"
"2021-02-17","12,2"
"2021-02-18","11,3"
"2021-02-19",13
"2021-02-20","12,6"
"2021-02-21","8,4"
"2021-02-22",9
"2021-02-23","13,4"
"2021-02-24",14
"2021-02-25","9,8"
"2021-02-26","11,4"
"2021-02-27","11,2"
"2021-02-28","8,5"
"2021-03-01","8,4"
"2021-03-02","11,2"
"2021-03-03","11,6"
"2021-03-04","12,2"
"2021-03-05",12
"2021-03-06",11
"2021-03-07","6,8"
"2021-03-08","8,2"
"2021-03-09","7,6"
"2021-03-10","9,2"
"2021-03-11","11,6"
"2021-03-12","9,8"
"2021-03-13","11,4"
"2021-03-14","10,2"
"2021-03-15","9,2"
"2021-03-16",11
"2021-03-17","12,6"
"2021-03-18","11,9"
"2021-03-19","9,8"
"2021-03-20","9,8"
"2021-03-21","7,8"
"2021-03-22","9,6"
"2021-03-23",10
"2021-03-24","10,6"
"2021-03-25","8,7"
"2021-03-26","9,6"
"2021-03-27","7,9"
"2021-03-28","12,6"
"2021-03-29",16
"2021-03-30","16,2"
"2021-03-31","19,4"
"2021-04-01","18,3"
"2021-04-02","14,8"
"2021-04-03","13,2"
"2021-04-04","11,3"
"2021-04-05","11,1"
"2021-04-06","9,4"
"2021-04-07","12,7"
"2021-04-08","13,2"
"2021-04-09","13,8"
"2021-04-10","13,5"
"2021-04-11","10,1"
"2021-04-12","11,4"
"2021-04-13","14,8"
"2021-04-14","13,5"
"2021-04-15","13,6"
"2021-04-16","10,4"
"2021-04-17","9,8"
"2021-04-18","11,8"
"2021-04-19","13,7"
"2021-04-20",13
"2021-04-21","13,2"
"2021-04-22","15,6"
"2021-04-23","14,8"
"2021-04-24","18,1"
"2021-04-25","14,2"
"2021-04-26","14,2"
"2021-04-27","13,8"
"2021-04-28",11
"2021-04-29","8,8"
"2021-04-30",9
"2021-05-01","9,2"
"2021-05-02","8,6"
"2021-05-03","9,6"
"2021-05-04","10,9"
"2021-05-05","14,8"
"2021-05-06",17
"2021-05-07","17,8"
"2021-05-08","17,2"
"2021-05-09","13,2"
"2021-05-10","10,8"
"2021-05-11",11
"2021-05-12","13,1"
"2021-05-13","11,2"
"2021-05-14","11,3"
"2021-05-15","15,8"
"2021-05-16","14,7"
"2021-05-17","12,9"
"2021-05-18","13,6"
"2021-05-19",12
"2021-05-20","14,4"
"2021-05-21","13,5"
"2021-05-22","12,8"
"2021-05-23",13
"2021-05-24","13,1"
"2021-05-25","11,7"
"2021-05-26","13,3"
"2021-05-27","15,1"
"2021-05-28","16,6"
"2021-05-29","15,8"
"2021-05-30","16,6"
"2021-05-31","17,4"
"2021-06-01","17,6"
"2021-06-02","14,2"
"2021-06-03","13,2"
"2021-06-04","11,7"
"2021-06-05","13,8"
"2021-06-06",14
"2021-06-07","14,8"
"2021-06-08","16,6"
"2021-06-09","16,6"
"2021-06-10","17,6"
"2021-06-11","18,8"
"2021-06-12","20,1"
"2021-06-13","23,6"
"2021-06-14","20,7"
"2021-06-15","21,5"
"2021-06-16","17,6"
"2021-06-17","14,2"
"2021-06-18","14,3"
"2021-06-19","15,2"
"2021-06-20","14,8"
"2021-06-21","15,4"
"2021-06-22","15,6"
"2021-06-23","15,9"
"2021-06-24","16,1"
"2021-06-25","17,8"
"2021-06-26",15
"2021-06-27","14,3"
"2021-06-28","16,2"
"2021-06-29","16,1"
"2021-06-30","17,5"
"2021-07-01","18,2"
"2021-07-02","18,9"
"2021-07-03","20,7"
"2021-07-04",20
"2021-07-05","18,8"
"2021-07-06","16,6"
"2021-07-07","17,2"
"2021-07-08","16,8"
"2021-07-09","15,2"
"2021-07-10","17,9"
"2021-07-11","17,8"
"2021-07-12","16,7"
"2021-07-13","16,9"
"2021-07-14","17,8"
"2021-07-15","20,8"
"2021-07-16","21,2"
"2021-07-17","22,6"
"2021-07-18",19
"2021-07-19","18,8"
"2021-07-20","19,8"
"2021-07-21","18,6"
"2021-07-22","18,4"
"2021-07-23","19,8"
"2021-07-24","18,4"
"2021-07-25","18,4"
"2021-07-26","18,8"
"2021-07-27",19
"2021-07-28","18,6"
"2021-07-29","16,6"
"2021-07-30","17,1"
"2021-07-31","16,6"
"2021-08-01","17,4"
"2021-08-02",17
"2021-08-03","17,6"
"2021-08-04",19
"2021-08-05","19,2"
"2021-08-06","19,6"
"2021-08-07","18,1"
"2021-08-08","16,6"
"2021-08-09","16,9"
"2021-08-10","17,6"
"2021-08-11",20
"2021-08-12","20,4"
"2021-08-13","21,2"
"2021-08-14","20,4"
"2021-08-15","19,2"
"2021-08-16",18
"2021-08-17","19,6"
"2021-08-18","19,2"
"2021-08-19","18,8"
"2021-08-20","17,5"
"2021-08-21","21,7"
"2021-08-22","20,6"
"2021-08-23","21,9"
"2021-08-24","21,8"
"2021-08-25","21,4"
"2021-08-26","19,4"
"2021-08-27","21,4"
"2021-08-28",20
"2021-08-29","19,9"
"2021-08-30","20,6"
"2021-08-31","20,3"
"2021-09-01","20,8"
"2021-09-02","19,5"
"2021-09-03",19
"2021-09-04","17,4"
"2021-09-05","21,2"
"2021-09-06",27
"2021-09-07","22,4"
"2021-09-08","21,2"
"2021-09-09","20,8"
"2021-09-10","19,6"
"2021-09-11","19,2"
"2021-09-12","22,9"
"2021-09-13","20,7"
"2021-09-14","20,6"
"2021-09-15","19,3"
"2021-09-16","17,8"
"2021-09-17","16,4"
"2021-09-18","16,2"
"2021-09-19","16,4"
"2021-09-20","15,8"
"2021-09-21","16,2"
"2021-09-22","17,2"
"2021-09-23",18
"2021-09-24","18,8"
"2021-09-25",19
"2021-09-26",19
"2021-09-27","16,5"
"2021-09-28","15,2"
"2021-09-29","15,9"
"2021-09-30","14,8"
"2021-10-01","16,7"
"2021-10-02","17,6"
"2021-10-03","15,1"
"2021-10-04","16,6"
"2021-10-05",17
"2021-10-06","15,6"
"2021-10-07","18,4"
"2021-10-08","14,8"
"2021-10-09","15,2"
"2021-10-10","15,4"
"2021-10-11","16,2"
"2021-10-12","15,5"
"2021-10-13","15,2"
"2021-10-14","15,6"
"2021-10-15","13,2"
"2021-10-16","14,6"
"2021-10-17","20,1"
"2021-10-18","20,9"
"2021-10-19","21,4"
"2021-10-20","18,2"
"2021-10-21","13,8"
"2021-10-22","12,8"
"2021-10-23","11,3"
"2021-10-24","13,5"
"2021-10-25","13,6"
"2021-10-26","12,8"
"2021-10-27","14,5"
"2021-10-28","14,2"
"2021-10-29","14,2"
"2021-10-30","15,6"
"2021-10-31",16
"2021-11-01","13,4"
"2021-11-02","11,9"
"2021-11-03","11,2"
"2021-11-04","9,6"
"2021-11-05","9,6"
"2021-11-06",10
"2021-11-07","8,9"
"2021-11-08","13,2"
"2021-11-09",13
"2021-11-10","10,6"
"2021-11-11","8,4"
"2021-11-12","9,8"
"2021-11-13","11,1"
"2021-11-14","8,8"
"2021-11-15","10,8"
"2021-11-16","11,6"
"2021-11-17","11,9"
"2021-11-18","12,2"
"2021-11-19","9,8"
"2021-11-20","11,8"
"2021-11-21","10,1"
"2021-11-22","8,8"
"2021-11-23","10,6"
"2021-11-24","11,2"
"2021-11-25","9,8"
"2021-11-26","8,4"
"2021-11-27","8,6"
"2021-11-28","7,9"
"2021-11-29",11
"2021-11-30",12
"2021-12-01","10,6"
"2021-12-02","9,1"
"2021-12-03",10
"2021-12-04","12,2"
"2021-12-05","11,1"
"2021-12-06","12,2"
"2021-12-07","11,6"
"2021-12-08","7,8"
"2021-12-09","12,2"
"2021-12-10","12,2"
"2021-12-11","12,8"
"2021-12-12","10,9"
"2021-12-13","11,8"
"2021-12-14","10,4"
"2021-12-15","7,6"
"2021-12-16","9,6"
"2021-12-17",9
"2021-12-18","8,2"
"2021-12-19","8,8"
"2021-12-20",13
"2021-12-21","15,1"
"2021-12-22","15,8"
"2021-12-23","14,4"
"2021-12-24","12,4"
"2021-12-25","13,6"
"2021-12-26","14,1"
"2021-12-27","14,8"
"2021-12-28","16,7"
"2021-12-29","16,1"
"2021-12-30","15,6"
"2021-12-31","17,4"
"2022-01-01","17,8"
"2022-01-02","14,6"
"2022-01-03","14,6"
"2022-01-04","11,4"
"2022-01-05","9,7"
"2022-01-06",11
"2022-01-07","9,4"
"2022-01-08","8,5"
"2022-01-09","13,7"
"2022-01-10","11,8"
"2022-01-11","12,6"
"2022-01-12","10,2"
"2022-01-13",6
"2022-01-14","7,7"
"2022-01-15",7
"2022-01-16","12,2"
"2022-01-17","8,4"
"2022-01-18","8,1"
"2022-01-19",6
"2022-01-20","6,4"
"2022-01-21","9,3"
"2022-01-22","7,3"
"2022-01-23","6,4"
"2022-01-24",7
"2022-01-25","6,2"
"2022-01-26","6,2"
"2022-01-27","6,8"
"2022-01-28","7,2"
"2022-01-29","7,4"
"2022-01-30","8,5"
"2022-01-31","6,6"
"2022-02-01","9,1"
"2022-02-02","10,6"
